-2.017782437503206529e+04 -1.394340163586296330e+04 -9.052925002536767352e+03 -6.500330766195430442e+03 -4.849021077085632896e+03 -3.593509418146017651e+03 -2.411982867426384018e+03 -1.348235305976361587e+03 -5.381719697686166910e+02 2.482101983381829058e+01 4.450083576296498222e+02 7.897331573323248222e+02 1.047996128519155491e+03 1.190982649934801884e+03 1.237876019157382871e+03 1.246622331607439492e+03 1.259622577417258981e+03 1.276882898518096908e+03 1.270711889365853949e+03 1.222483261875305516e+03
-1.394340163586296330e+04 -1.142874431769919283e+04 -6.938662060626650600e+03 -4.803973512060527355e+03 -3.674044168679226459e+03 -2.768079063420751027e+03 -1.874830229680658249e+03 -1.052592077428328594e+03 -4.180733370703536593e+02 2.852269590306256930e+01 3.639598927422602515e+02 6.391847174524203865e+02 8.474424058397554518e+02 9.681539365230242993e+02 1.014811642694313605e+03 1.028450089551238307e+03 1.039893196370359874e+03 1.051521977436827228e+03 1.045746133138529103e+03 1.009922852713694738e+03
-9.052925002536767352e+03 -6.938662060626650600e+03 -4.124254505474833422e+03 -2.567959703279060250e+03 -1.940323173500075654e+03 -1.495658429219031859e+03 -1.023469368897872982e+03 -5.761279325976324799e+02 -2.263178318575742196e+02 2.453723554011716956e+01 2.169202043484324918e+02 3.759656152625101413e+02 4.965838363996122098e+02 5.683626862297337539e+02 6.001372299529481324e+02 6.138764244539066794e+02 6.242457581088638108e+02 6.315425924846562111e+02 6.274817397004696886e+02 6.071652842586813676e+02
-6.500330766195430442e+03 -4.803973512060527355e+03 -2.567959703279060250e+03 -1.461764707298801341e+03 -1.006575927320983510e+03 -7.747136538016977738e+02 -5.371781338210580543e+02 -3.015787806527740145e+02 -1.150376484770120982e+02 2.166214813097548131e+01 1.306285599911408895e+02 2.230134927028251468e+02 2.930667182250825249e+02 3.346682796844750669e+02 3.544693486574361145e+02 3.658830393956865237e+02 3.760056022832867484e+02 3.828141329302079043e+02 3.808523545806455104e+02 3.686090610086089896e+02
-4.849021077085632896e+03 -3.674044168679226459e+03 -1.940323173500075654e+03 -1.006575927320983510e+03 -6.213514997496266687e+02 -4.405528284038541642e+02 -3.034064547602373523e+02 -1.694120004397227035e+02 -6.006915072256273902e+01 2.236549049656223076e+01 9.169712814380442012e+01 1.534649782115584173e+02 2.011479669697928614e+02 2.291873780140912800e+02 2.426601111928497119e+02 2.518607327625114181e+02 2.617686081638913720e+02 2.696374726140826965e+02 2.701294887623278669e+02 2.619931245099299986e+02
-3.593509418146017651e+03 -2.768079063420751027e+03 -1.495658429219031859e+03 -7.747136538016977738e+02 -4.405528284038541642e+02 -2.708129595696352112e+02 -1.677015723873788886e+02 -8.900048745792825855e+01 -2.545868490595625389e+01 2.530952760460473172e+01 7.112465135746448652e+01 1.148722123417010437e+02 1.503673097968784873e+02 1.717735480547890745e+02 1.820295218918978151e+02 1.893027959350275751e+02 1.982037246323002364e+02 2.067298281956890094e+02 2.097688813964881263e+02 2.051507131367125396e+02
-2.411982867426384018e+03 -1.874830229680658249e+03 -1.023469368897872982e+03 -5.371781338210580543e+02 -3.034064547602373523e+02 -1.677015723873788886e+02 -7.838746806441764647e+01 -3.008836365966326554e+01 1.071359304939308643e+00 2.742402486019579300e+01 5.434548676375003140e+01 8.228640494143763817e+01 1.065714471383526529e+02 1.223753670929681192e+02 1.304995427976661233e+02 1.360575450289000230e+02 1.428066191831569256e+02 1.501387266953920232e+02 1.544689716033531397e+02 1.533217947574370328e+02
-1.348235305976361587e+03 -1.052592077428328594e+03 -5.761279325976324799e+02 -3.015787806527740145e+02 -1.694120004397227035e+02 -8.900048745792825855e+01 -3.008836365966326554e+01 4.878771691677333600e+00 1.681490134910758627e+01 2.661316056956907516e+01 3.933696552988703843e+01 5.431745312633697154e+01 6.816135046808717846e+01 7.803768714604557033e+01 8.399326738677636683e+01 8.826951715073545301e+01 9.283463913425215708e+01 9.779596563124002273e+01 1.015087089224438159e+02 1.023717550358209962e+02
-5.381719697686166910e+02 -4.180733370703536593e+02 -2.263178318575742196e+02 -1.150376484770120982e+02 -6.006915072256273902e+01 -2.545868490595625389e+01 1.071359304939308643e+00 1.681490134910758627e+01 2.304327803534955166e+01 2.368598497574559758e+01 2.844244703101017535e+01 3.551512848244114195e+01 4.236847335142185500e+01 4.752587609857174300e+01 5.130098343296822350e+01 5.460124391349499717e+01 5.788910847600322995e+01 6.104347937653827216e+01 6.349660246537612807e+01 6.470623575040427511e+01
2.482101983381829058e+01 2.852269590306256930e+01 2.453723554011716956e+01 2.166214813097548131e+01 2.236549049656223076e+01 2.530952760460473172e+01 2.742402486019579300e+01 2.661316056956907516e+01 2.368598497574559758e+01 2.225141300193973137e+01 2.203731847994384907e+01 2.533064553097734617e+01 2.866540870973977917e+01 3.110624420217093444e+01 3.323730642042654893e+01 3.574185761778252868e+01 3.849471726990869058e+01 4.092586906209312758e+01 4.262298255488816778e+01 4.358542169313736991e+01
4.450083576296498222e+02 3.639598927422602515e+02 2.169202043484324918e+02 1.306285599911408895e+02 9.169712814380442012e+01 7.112465135746448652e+01 5.434548676375003140e+01 3.933696552988703843e+01 2.844244703101017535e+01 2.203731847994384907e+01 2.011397393866236172e+01 2.005161427874991986e+01 2.181928848876231086e+01 2.296624086916023799e+01 2.409046706245666059e+01 2.594214164569022074e+01 2.842223659548755066e+01 3.077638456341544781e+01 3.236232710414845570e+01 3.319150196749780690e+01
7.897331573323248222e+02 6.391847174524203865e+02 3.759656152625101413e+02 2.230134927028251468e+02 1.534649782115584173e+02 1.148722123417010437e+02 8.228640494143763817e+01 5.431745312633697154e+01 3.551512848244114195e+01 2.533064553097734617e+01 2.005161427874991986e+01 1.810644544696511105e+01 1.735687545889059180e+01 1.792742189612746984e+01 1.851279496992868090e+01 1.980869758146369009e+01 2.190758664485957752e+01 2.422347106346835588e+01 2.599599185679500835e+01 2.697025892997369212e+01
1.047996128519155491e+03 8.474424058397554518e+02 4.965838363996122098e+02 2.930667182250825249e+02 2.011479669697928614e+02 1.503673097968784873e+02 1.065714471383526529e+02 6.816135046808717846e+01 4.236847335142185500e+01 2.866540870973977917e+01 2.181928848876231086e+01 1.735687545889059180e+01 1.473185616277762300e+01 1.340724079673569058e+01 1.376241609401094124e+01 1.464729313003115330e+01 1.619957846571077198e+01 1.812899024783575186e+01 1.988332197606384355e+01 2.106906042945222879e+01
1.190982649934801884e+03 9.681539365230242993e+02 5.683626862297337539e+02 3.346682796844750669e+02 2.291873780140912800e+02 1.717735480547890745e+02 1.223753670929681192e+02 7.803768714604557033e+01 4.752587609857174300e+01 3.110624420217093444e+01 2.296624086916023799e+01 1.792742189612746984e+01 1.340724079673569058e+01 1.050106585861572128e+01 9.451132294953310975e+00 1.011886969480610432e+01 1.119824016447267923e+01 1.254341399678400037e+01 1.390521094997441942e+01 1.503958553692832645e+01
1.237876019157382871e+03 1.014811642694313605e+03 6.001372299529481324e+02 3.544693486574361145e+02 2.426601111928497119e+02 1.820295218918978151e+02 1.304995427976661233e+02 8.399326738677636683e+01 5.130098343296822350e+01 3.323730642042654893e+01 2.409046706245666059e+01 1.851279496992868090e+01 1.376241609401094124e+01 9.451132294953310975e+00 7.111865702231045638e+00 6.674600135283423441e+00 7.513746240055956704e+00 8.438557208994454939e+00 9.341318146523443389e+00 1.018473552367599666e+01
1.246622331607439492e+03 1.028450089551238307e+03 6.138764244539066794e+02 3.658830393956865237e+02 2.518607327625114181e+02 1.893027959350275751e+02 1.360575450289000230e+02 8.826951715073545301e+01 5.460124391349499717e+01 3.574185761778252868e+01 2.594214164569022074e+01 1.980869758146369009e+01 1.464729313003115330e+01 1.011886969480610432e+01 6.674600135283423441e+00 5.141986867583455023e+00 5.114215619598317275e+00 5.892454788890072237e+00 6.542390261273832053e+00 7.112406686603153005e+00
1.259622577417258981e+03 1.039893196370359874e+03 6.242457581088638108e+02 3.760056022832867484e+02 2.617686081638913720e+02 1.982037246323002364e+02 1.428066191831569256e+02 9.283463913425215708e+01 5.788910847600322995e+01 3.849471726990869058e+01 2.842223659548755066e+01 2.190758664485957752e+01 1.619957846571077198e+01 1.119824016447267923e+01 7.513746240055956704e+00 5.114215619598317275e+00 4.158750569461533431e+00 4.281110027630101733e+00 4.902826782786901205e+00 5.354416476976330941e+00
1.276882898518096908e+03 1.051521977436827228e+03 6.315425924846562111e+02 3.828141329302079043e+02 2.696374726140826965e+02 2.067298281956890094e+02 1.501387266953920232e+02 9.779596563124002273e+01 6.104347937653827216e+01 4.092586906209312758e+01 3.077638456341544781e+01 2.422347106346835588e+01 1.812899024783575186e+01 1.254341399678400037e+01 8.438557208994454939e+00 5.892454788890072237e+00 4.281110027630101733e+00 3.609125552455640928e+00 3.719781044269245829e+00 4.198644641945718625e+00
1.270711889365853949e+03 1.045746133138529103e+03 6.274817397004696886e+02 3.808523545806455104e+02 2.701294887623278669e+02 2.097688813964881263e+02 1.544689716033531397e+02 1.015087089224438159e+02 6.349660246537612807e+01 4.262298255488816778e+01 3.236232710414845570e+01 2.599599185679500835e+01 1.988332197606384355e+01 1.390521094997441942e+01 9.341318146523443389e+00 6.542390261273832053e+00 4.902826782786901205e+00 3.719781044269245829e+00 3.130623264400320238e+00 3.180320805232086823e+00
1.222483261875305516e+03 1.009922852713694738e+03 6.071652842586813676e+02 3.686090610086089896e+02 2.619931245099299986e+02 2.051507131367125396e+02 1.533217947574370328e+02 1.023717550358209962e+02 6.470623575040427511e+01 4.358542169313736991e+01 3.319150196749780690e+01 2.697025892997369212e+01 2.106906042945222879e+01 1.503958553692832645e+01 1.018473552367599666e+01 7.112406686603153005e+00 5.354416476976330941e+00 4.198644641945718625e+00 3.180320805232086823e+00 2.617413412412059159e+00
