-1.417121898178939009e+06 -1.887433692070931429e+05 5.656317688761597965e+05 4.697702928701856872e+05 4.372947751179461484e+05 4.278699573068159516e+05 4.081831196034196764e+05 3.712825412639132701e+05 3.331355097278749454e+05 3.099926512322398485e+05 3.041721625496750348e+05 3.054544561075019883e+05 3.010408028687531478e+05 2.861911865693162545e+05 2.664347373076319927e+05 2.503229744352732960e+05 2.418713270478587656e+05 2.387225257110438251e+05 2.351738154905760603e+05 2.272697170005250082e+05
-1.887433692070931429e+05 -2.964570169162781094e+05 2.737847535222764709e+05 3.880868613417585148e+05 3.503605056179388193e+05 3.437801491477027885e+05 3.301703873148525599e+05 3.009719123960320139e+05 2.699920764780584141e+05 2.516779492111562286e+05 2.480525927276974253e+05 2.502549906566130521e+05 2.472080104341531114e+05 2.350342750567176845e+05 2.188808576954902383e+05 2.060941475374299916e+05 1.996616456011583214e+05 1.973123791758288862e+05 1.942549666475965059e+05 1.875216415515623812e+05
5.656317688761597965e+05 2.737847535222764709e+05 1.399773355741165578e+05 2.269552199054308003e+05 2.305222702659835631e+05 2.142640371171002334e+05 2.013577608241889393e+05 1.809017798118605278e+05 1.605977392646524240e+05 1.491583278522882320e+05 1.474189360027117364e+05 1.494110712457948539e+05 1.479182430343142769e+05 1.405349668999405694e+05 1.307557802789367561e+05 1.233170829689733364e+05 1.198899145085282798e+05 1.187804354049338581e+05 1.169408459412822558e+05 1.127095942924498231e+05
4.697702928701856872e+05 3.880868613417585148e+05 2.269552199054308003e+05 1.534089645024441415e+05 1.607252629898011510e+05 1.509337342339268071e+05 1.325860060333934671e+05 1.142129325381014933e+05 9.862835183768125717e+04 9.032468354291838477e+04 8.902728369234515412e+04 9.041318373500506277e+04 8.958321081059164135e+04 8.493969416080988594e+04 7.881139846699615009e+04 7.431641328899457585e+04 7.248515594791184412e+04 7.208292162044633005e+04 7.105706294522801181e+04 6.839219918751694786e+04
4.372947751179461484e+05 3.503605056179388193e+05 2.305222702659835631e+05 1.607252629898011510e+05 1.310179865443203016e+05 1.270504035125710652e+05 1.091247092999069719e+05 8.789623535082745366e+04 7.266224512003218115e+04 6.491572959736231132e+04 6.335148139045393327e+04 6.419569285496487282e+04 6.353040238226896327e+04 6.005660459270256251e+04 5.550378360642994085e+04 5.223059682097880432e+04 5.103198676677379990e+04 5.094948485058426013e+04 5.036534925099866086e+04 4.847245700116460648e+04
4.278699573068159516e+05 3.437801491477027885e+05 2.142640371171002334e+05 1.509337342339268071e+05 1.270504035125710652e+05 1.138360816692081571e+05 1.003655409183649754e+05 7.811909661700822471e+04 6.085022764024353091e+04 5.242481029743083491e+04 5.021397811745181389e+04 5.045752338492341369e+04 4.970621470992452669e+04 4.679157488254265627e+04 4.305256626210977265e+04 4.037668710053218092e+04 3.943141988123690680e+04 3.946867973287407222e+04 3.915055495563666773e+04 3.774847549223151873e+04
4.081831196034196764e+05 3.301703873148525599e+05 2.013577608241889393e+05 1.325860060333934671e+05 1.091247092999069719e+05 1.003655409183649754e+05 8.788257131377450423e+04 6.932699330319545697e+04 5.178447909938583325e+04 4.229143344710479141e+04 3.923279505320644967e+04 3.870603174037185818e+04 3.769198431130234530e+04 3.519370613400742150e+04 3.218261224923124610e+04 3.003852751126071234e+04 2.924872677093364473e+04 2.926693313119156301e+04 2.908968788486489211e+04 2.812478623662795144e+04
3.712825412639132701e+05 3.009719123960320139e+05 1.809017798118605278e+05 1.142129325381014933e+05 8.789623535082745366e+04 7.811909661700822471e+04 6.932699330319545697e+04 5.648685641234358627e+04 4.221890602619532729e+04 3.289559788470639614e+04 2.904776406266126651e+04 2.776753174046119602e+04 2.644998744430810984e+04 2.430090879509257866e+04 2.197928102429614955e+04 2.036732419786636092e+04 1.972663726717812460e+04 1.966632005292472604e+04 1.952107278408426646e+04 1.889556744034976509e+04
3.331355097278749454e+05 2.699920764780584141e+05 1.605977392646524240e+05 9.862835183768125717e+04 7.266224512003218115e+04 6.085022764024353091e+04 5.178447909938583325e+04 4.221890602619532729e+04 3.333610341355772835e+04 2.584255574087447894e+04 2.179769887008509249e+04 1.992625532663101330e+04 1.837269852247155359e+04 1.645277422788766489e+04 1.461116785237208023e+04 1.339031738724310526e+04 1.287761316645254556e+04 1.276224123239226356e+04 1.260598058384823526e+04 1.217211187244908069e+04
3.099926512322398485e+05 2.516779492111562286e+05 1.491583278522882320e+05 9.032468354291838477e+04 6.491572959736231132e+04 5.242481029743083491e+04 4.229143344710479141e+04 3.289559788470639614e+04 2.584255574087447894e+04 2.139576439143947209e+04 1.800118927183935375e+04 1.582151684205550191e+04 1.402114412417992207e+04 1.216554363290161928e+04 1.054342993874389504e+04 9.515342706989942599e+03 9.076191079841370083e+03 8.942313848813037112e+03 8.778099930073251016e+03 8.428590120354379906e+03
3.041721625496750348e+05 2.480525927276974253e+05 1.474189360027117364e+05 8.902728369234515412e+04 6.335148139045393327e+04 5.021397811745181389e+04 3.923279505320644967e+04 2.904776406266126651e+04 2.179769887008509249e+04 1.800118927183935375e+04 1.616484730261467303e+04 1.421814402509705906e+04 1.220397990605114683e+04 1.024005807396663113e+04 8.641146128887057785e+03 7.653727267486197889e+03 7.227778500014373094e+03 7.086635764245023893e+03 6.924733765001278698e+03 6.610021757406538200e+03
3.054544561075019883e+05 2.502549906566130521e+05 1.494110712457948539e+05 9.041318373500506277e+04 6.419569285496487282e+04 5.045752338492341369e+04 3.870603174037185818e+04 2.776753174046119602e+04 1.992625532663101330e+04 1.582151684205550191e+04 1.421814402509705906e+04 1.325590020541271952e+04 1.136203102674381080e+04 9.279102245313233652e+03 7.612743216932785799e+03 6.597740692625859992e+03 6.143869303543014212e+03 5.984437285300415169e+03 5.829322612492603184e+03 5.542833341024219408e+03
3.010408028687531478e+05 2.472080104341531114e+05 1.479182430343142769e+05 8.958321081059164135e+04 6.353040238226896327e+04 4.970621470992452669e+04 3.769198431130234530e+04 2.644998744430810984e+04 1.837269852247155359e+04 1.402114412417992207e+04 1.220397990605114683e+04 1.136203102674381080e+04 1.024846955310798876e+04 8.288515166420929745e+03 6.626490792422994673e+03 5.596920516974336351e+03 5.111449776324052436e+03 4.918836481634054508e+03 4.764269267951231086e+03 4.516898105049322112e+03
2.861911865693162545e+05 2.350342750567176845e+05 1.405349668999405694e+05 8.493969416080988594e+04 6.005660459270256251e+04 4.679157488254265627e+04 3.519370613400742150e+04 2.430090879509257866e+04 1.645277422788766489e+04 1.216554363290161928e+04 1.024005807396663113e+04 9.279102245313233652e+03 8.288515166420929745e+03 6.996180900539002323e+03 5.478252578535449175e+03 4.510445279920337271e+03 4.021210484318435192e+03 3.799304349518348317e+03 3.636080194659673452e+03 3.427026482599600968e+03
2.664347373076319927e+05 2.188808576954902383e+05 1.307557802789367561e+05 7.881139846699615009e+04 5.550378360642994085e+04 4.305256626210977265e+04 3.218261224923124610e+04 2.197928102429614955e+04 1.461116785237208023e+04 1.054342993874389504e+04 8.641146128887057785e+03 7.612743216932785799e+03 6.626490792422994673e+03 5.478252578535449175e+03 4.437838288790645493e+03 3.551858221504086032e+03 3.095274623192764921e+03 2.862650107135527378e+03 2.691646587896676465e+03 2.506365421550917290e+03
2.503229744352732960e+05 2.060941475374299916e+05 1.233170829689733364e+05 7.431641328899457585e+04 5.223059682097880432e+04 4.037668710053218092e+04 3.003852751126071234e+04 2.036732419786636092e+04 1.339031738724310526e+04 9.515342706989942599e+03 7.653727267486197889e+03 6.597740692625859992e+03 5.596920516974336351e+03 4.510445279920337271e+03 3.551858221504086032e+03 2.923447545739725683e+03 2.472699904481076828e+03 2.245715558456200597e+03 2.073087339647238423e+03 1.898847139259074538e+03
2.418713270478587656e+05 1.996616456011583214e+05 1.198899145085282798e+05 7.248515594791184412e+04 5.103198676677379990e+04 3.943141988123690680e+04 2.924872677093364473e+04 1.972663726717812460e+04 1.287761316645254556e+04 9.076191079841370083e+03 7.227778500014373094e+03 6.143869303543014212e+03 5.111449776324052436e+03 4.021210484318435192e+03 3.095274623192764921e+03 2.472699904481076828e+03 2.141159066981265369e+03 1.887218894366961422e+03 1.718915018562272962e+03 1.551306071541369420e+03
2.387225257110438251e+05 1.973123791758288862e+05 1.187804354049338581e+05 7.208292162044633005e+04 5.094948485058426013e+04 3.946867973287407222e+04 2.926693313119156301e+04 1.966632005292472604e+04 1.276224123239226356e+04 8.942313848813037112e+03 7.086635764245023893e+03 5.984437285300415169e+03 4.918836481634054508e+03 3.799304349518348317e+03 2.862650107135527378e+03 2.245715558456200597e+03 1.887218894366961422e+03 1.689676942811805930e+03 1.487833781004134153e+03 1.331639714665595875e+03
2.351738154905760603e+05 1.942549666475965059e+05 1.169408459412822558e+05 7.105706294522801181e+04 5.036534925099866086e+04 3.915055495563666773e+04 2.908968788486489211e+04 1.952107278408426646e+04 1.260598058384823526e+04 8.778099930073251016e+03 6.924733765001278698e+03 5.829322612492603184e+03 4.764269267951231086e+03 3.636080194659673452e+03 2.691646587896676465e+03 2.073087339647238423e+03 1.718915018562272962e+03 1.487833781004134153e+03 1.311760990612101523e+03 1.124388121192238714e+03
2.272697170005250082e+05 1.875216415515623812e+05 1.127095942924498231e+05 6.839219918751694786e+04 4.847245700116460648e+04 3.774847549223151873e+04 2.812478623662795144e+04 1.889556744034976509e+04 1.217211187244908069e+04 8.428590120354379906e+03 6.610021757406538200e+03 5.542833341024219408e+03 4.516898105049322112e+03 3.427026482599600968e+03 2.506365421550917290e+03 1.898847139259074538e+03 1.551306071541369420e+03 1.331639714665595875e+03 1.124388121192238714e+03 9.428232279068195112e+02
