-2.970862979919040808e+05 -1.134965742311146460e+05 1.534045522556197830e+04 1.692543547260916239e+04 2.034304027982114712e+04 2.381576022063039272e+04 2.611237078195453068e+04 2.700436360987252192e+04 2.724594269164347497e+04 2.778568598950729211e+04 2.900696244553037104e+04 3.047866995872058033e+04 3.140415778835138553e+04 3.134723754568894947e+04 3.056093964609001341e+04 2.970499035774070217e+04 2.929373417497858827e+04 2.932045061698653808e+04 2.937540735945244523e+04 2.903459792731477137e+04
-1.134965742311146460e+05 -1.191464857170858158e+05 -1.755585546137657366e+04 1.411472076986460888e+04 1.593795855436968486e+04 1.898275383818244154e+04 2.115370501530725960e+04 2.192073110078169339e+04 2.205515376955765896e+04 2.253762752707480831e+04 2.369043622453904391e+04 2.506013461740728599e+04 2.587642663316034304e+04 2.577902288241990391e+04 2.510413759279337319e+04 2.446967373183519885e+04 2.422858701000121073e+04 2.430407340284643215e+04 2.432044514396310478e+04 2.397556708427784542e+04
1.534045522556197830e+04 -1.755585546137657366e+04 -1.915962484047444741e+04 4.587477444987232957e+03 1.152458334465186272e+04 1.235423083020182457e+04 1.325172153988785976e+04 1.335837075300609104e+04 1.317383351543937169e+04 1.337667673191355061e+04 1.413000654631499128e+04 1.505010405925144005e+04 1.556852323084989439e+04 1.545666935870028465e+04 1.500340528768367949e+04 1.465069702407930890e+04 1.458432857417089508e+04 1.468680232091917060e+04 1.469067952932204389e+04 1.443280416181945111e+04
1.692543547260916239e+04 1.411472076986460888e+04 4.587477444987232957e+03 2.200321406439420571e+03 7.848358249159819024e+03 9.580564751958858324e+03 9.226885316355082978e+03 8.696900760320273548e+03 8.200410456716674162e+03 8.151427490531581498e+03 8.589940038231023209e+03 9.184483118328804267e+03 9.503223962212912738e+03 9.387567509748274460e+03 9.059450693810387747e+03 8.839258648038065076e+03 8.842231963442445704e+03 8.952950983800543327e+03 8.966492818788916338e+03 8.781850257579537356e+03
2.034304027982114712e+04 1.593795855436968486e+04 1.152458334465186272e+04 7.848358249159819024e+03 6.519387746083379170e+03 8.323248879456215946e+03 8.113883178383188351e+03 6.964965954236413381e+03 6.171204023259041605e+03 5.924134625572096411e+03 6.168807089973423899e+03 6.587008158498781086e+03 6.804424839064956359e+03 6.683783912774431883e+03 6.403644287735461148e+03 6.225169007506268827e+03 6.243187300115981998e+03 6.356851112904158072e+03 6.387575858501299990e+03 6.248026950267043503e+03
2.381576022063039272e+04 1.898275383818244154e+04 1.235423083020182457e+04 9.580564751958858324e+03 8.323248879456215946e+03 7.737223364321288500e+03 7.698579684813224958e+03 6.463973206130931430e+03 5.309262322498256253e+03 4.862368623548434698e+03 4.947451573972182814e+03 5.235321910744381057e+03 5.381486042434170486e+03 5.254727885648814663e+03 4.997937290448689964e+03 4.831295680814054322e+03 4.841233582430909337e+03 4.947031852071927460e+03 4.992124548644444985e+03 4.889940578522176111e+03
2.611237078195453068e+04 2.115370501530725960e+04 1.325172153988785976e+04 9.226885316355082978e+03 8.113883178383188351e+03 7.698579684813224958e+03 6.997218807169835600e+03 5.879775408039638023e+03 4.655328262753516356e+03 4.002492205192067104e+03 3.920316832145378157e+03 4.062864607366061136e+03 4.125543931317733040e+03 3.992652501644214681e+03 3.767549386624819363e+03 3.616323457490574583e+03 3.607845115242049815e+03 3.685280993700554518e+03 3.728651750870524211e+03 3.663079857565558086e+03
2.700436360987252192e+04 2.192073110078169339e+04 1.335837075300609104e+04 8.696900760320273548e+03 6.964965954236413381e+03 6.463973206130931430e+03 5.879775408039638023e+03 4.952713187049035696e+03 3.855238427837915879e+03 3.171600826709521243e+03 2.942095177156858881e+03 2.945301776122305000e+03 2.922437123846596478e+03 2.783327389463592681e+03 2.597362879565424919e+03 2.471938253193876790e+03 2.448606384964336485e+03 2.489177599741409722e+03 2.514921491361325479e+03 2.474510105221610502e+03
2.724594269164347497e+04 2.205515376955765896e+04 1.317383351543937169e+04 8.200410456716674162e+03 6.171204023259041605e+03 5.309262322498256253e+03 4.655328262753516356e+03 3.855238427837915879e+03 3.125026115371896594e+03 2.506347926654588264e+03 2.225604808658913953e+03 2.127117345535492859e+03 2.041402151148450457e+03 1.896193784194437740e+03 1.739971161082327171e+03 1.638705843960401353e+03 1.610249862938227125e+03 1.624787758444486144e+03 1.632147230791242919e+03 1.602050385120190185e+03
2.778568598950729211e+04 2.253762752707480831e+04 1.337667673191355061e+04 8.151427490531581498e+03 5.924134625572096411e+03 4.862368623548434698e+03 4.002492205192067104e+03 3.171600826709521243e+03 2.506347926654588264e+03 2.116193328778786963e+03 1.839055324212978121e+03 1.692514097414006301e+03 1.560924876386515962e+03 1.405620994954497746e+03 1.261241652991875299e+03 1.172501083036464934e+03 1.143666804262471715e+03 1.146301570525269653e+03 1.142970629549753767e+03 1.114992580698057282e+03
2.900696244553037104e+04 2.369043622453904391e+04 1.413000654631499128e+04 8.589940038231023209e+03 6.168807089973423899e+03 4.947451573972182814e+03 3.920316832145378157e+03 2.942095177156858881e+03 2.225604808658913953e+03 1.839055324212978121e+03 1.675978431999748409e+03 1.518827244021535080e+03 1.358586778977864469e+03 1.184117610912016744e+03 1.036239355004206800e+03 9.479745739032118763e+02 9.175023287977437576e+02 9.156488700700903109e+02 9.081142784142380151e+02 8.798411563111344549e+02
3.047866995872058033e+04 2.506013461740728599e+04 1.505010405925144005e+04 9.184483118328804267e+03 6.587008158498781086e+03 5.235321910744381057e+03 4.062864607366061136e+03 2.945301776122305000e+03 2.127117345535492859e+03 1.692514097414006301e+03 1.518827244021535080e+03 1.431550350307320286e+03 1.260073052642164839e+03 1.071826384298291032e+03 9.139394429064378755e+02 8.199456929684934039e+02 7.845495821711439248e+02 7.792565929027732636e+02 7.707466443151004114e+02 7.434053806076489082e+02
3.140415778835138553e+04 2.587642663316034304e+04 1.556852323084989439e+04 9.503223962212912738e+03 6.804424839064956359e+03 5.381486042434170486e+03 4.125543931317733040e+03 2.922437123846596478e+03 2.041402151148450457e+03 1.560924876386515962e+03 1.358586778977864469e+03 1.260073052642164839e+03 1.144940039464287111e+03 9.497554832766375057e+02 7.930348982440541477e+02 6.956104790788378978e+02 6.543682859477362399e+02 6.438170617174398558e+02 6.345172110738865285e+02 6.107400903520158408e+02
3.134723754568894947e+04 2.577902288241990391e+04 1.545666935870028465e+04 9.387567509748274460e+03 6.683783912774431883e+03 5.254727885648814663e+03 3.992652501644214681e+03 2.783327389463592681e+03 1.896193784194437740e+03 1.405620994954497746e+03 1.184117610912016744e+03 1.071826384298291032e+03 9.497554832766375057e+02 8.036423516340896640e+02 6.460546094227713638e+02 5.562552569263079931e+02 5.128711528115920828e+02 4.969651859806539846e+02 4.856288507719430072e+02 4.660808548071636892e+02
3.056093964609001341e+04 2.510413759279337319e+04 1.500340528768367949e+04 9.059450693810387747e+03 6.403644287735461148e+03 4.997937290448689964e+03 3.767549386624819363e+03 2.597362879565424919e+03 1.739971161082327171e+03 1.261241652991875299e+03 1.036239355004206800e+03 9.139394429064378755e+02 7.930348982440541477e+02 6.460546094227713638e+02 5.218984032411968883e+02 4.291547523446587320e+02 3.898627753606490955e+02 3.715098758836407455e+02 3.580735708264404593e+02 3.410394106315437170e+02
2.970499035774070217e+04 2.446967373183519885e+04 1.465069702407930890e+04 8.839258648038065076e+03 6.225169007506268827e+03 4.831295680814054322e+03 3.616323457490574583e+03 2.471938253193876790e+03 1.638705843960401353e+03 1.172501083036464934e+03 9.479745739032118763e+02 8.199456929684934039e+02 6.956104790788378978e+02 5.562552569263079931e+02 4.291547523446587320e+02 3.515935172594319056e+02 3.051315046837214595e+02 2.876700164766937178e+02 2.734863942437978039e+02 2.573409608506144650e+02
2.929373417497858827e+04 2.422858701000121073e+04 1.458432857417089508e+04 8.842231963442445704e+03 6.243187300115981998e+03 4.841233582430909337e+03 3.607845115242049815e+03 2.448606384964336485e+03 1.610249862938227125e+03 1.143666804262471715e+03 9.175023287977437576e+02 7.845495821711439248e+02 6.543682859477362399e+02 5.128711528115920828e+02 3.898627753606490955e+02 3.051315046837214595e+02 2.632740351145509976e+02 2.376975025229129415e+02 2.244499051086963277e+02 2.090753295153367617e+02
2.932045061698653808e+04 2.430407340284643215e+04 1.468680232091917060e+04 8.952950983800543327e+03 6.356851112904158072e+03 4.947031852071927460e+03 3.685280993700554518e+03 2.489177599741409722e+03 1.624787758444486144e+03 1.146301570525269653e+03 9.156488700700903109e+02 7.792565929027732636e+02 6.438170617174398558e+02 4.969651859806539846e+02 3.715098758836407455e+02 2.876700164766937178e+02 2.376975025229129415e+02 2.122084537084296869e+02 1.914426088616722268e+02 1.782047668681199184e+02
2.937540735945244523e+04 2.432044514396310478e+04 1.469067952932204389e+04 8.966492818788916338e+03 6.387575858501299990e+03 4.992124548644444985e+03 3.728651750870524211e+03 2.514921491361325479e+03 1.632147230791242919e+03 1.142970629549753767e+03 9.081142784142380151e+02 7.707466443151004114e+02 6.345172110738865285e+02 4.856288507719430072e+02 3.580735708264404593e+02 2.734863942437978039e+02 2.244499051086963277e+02 1.914426088616722268e+02 1.679941431450289429e+02 1.480193233045649208e+02
2.903459792731477137e+04 2.397556708427784542e+04 1.443280416181945111e+04 8.781850257579537356e+03 6.248026950267043503e+03 4.889940578522176111e+03 3.663079857565558086e+03 2.474510105221610502e+03 1.602050385120190185e+03 1.114992580698057282e+03 8.798411563111344549e+02 7.434053806076489082e+02 6.107400903520158408e+02 4.660808548071636892e+02 3.410394106315437170e+02 2.573409608506144650e+02 2.090753295153367617e+02 1.782047668681199184e+02 1.480193233045649208e+02 1.229475719830715406e+02
