-1.376689806430039229e+06 9.651560533946184441e+05 2.639826477369104512e+06 2.864017175390257034e+06 2.263961514920508955e+06 1.582625228024841053e+06 1.401120766530505847e+06 1.766421452971760649e+06 2.113061359307375271e+06 1.942916011604770087e+06 1.309341678589249728e+06 6.594213456254844787e+05 4.670276229469534592e+05 7.979612444724997040e+05 1.222504911088970490e+06 1.288255444941783091e+06 9.426079726792818401e+05 4.595872486595771043e+05 2.031448914752342680e+05 3.173461510821925476e+05
9.651560533946184441e+05 -8.832811131209057057e+05 1.055456785026581492e+06 2.137197581102909520e+06 2.015422120320782997e+06 1.521151235549289035e+06 1.270566927222626982e+06 1.419403429677333916e+06 1.660320081321577309e+06 1.604920755878052441e+06 1.195032393502358580e+06 7.143319473355947994e+05 5.028639588597251568e+05 6.512679016963890754e+05 9.230309149517383194e+05 1.005081960690997308e+06 8.002876808503017528e+05 4.694526733976890682e+05 2.601981279526151193e+05 2.926406893832128262e+05
2.639826477369104512e+06 1.055456785026581492e+06 -2.574848724568910839e+05 6.327221772613544017e+05 1.082432428832963342e+06 9.999342766664123628e+05 8.479944725685277954e+05 8.463988985184569610e+05 9.375248370229105931e+05 9.463109409504770301e+05 7.886203103759352816e+05 5.530523331561168889e+05 4.004143476803314406e+05 4.068506978745735832e+05 5.043363724677120335e+05 5.569322505411924794e+05 4.895558362431355054e+05 3.440196117647794308e+05 2.267596005693565239e+05 2.070577047083153157e+05
2.864017175390257034e+06 2.137197581102909520e+06 6.327221772613544017e+05 -5.661690390064891835e+04 3.058647436354650999e+05 5.232843744729610626e+05 5.361686139877458336e+05 5.216085490101262694e+05 5.397778854645121610e+05 5.511452068594843149e+05 5.045566155396778486e+05 4.051192623550138669e+05 3.115366681226264336e+05 2.743256371414681780e+05 2.892232749641663977e+05 3.101044142922094907e+05 2.949475679252392147e+05 2.406944881727378524e+05 1.813461309409251553e+05 1.523002910781333339e+05
2.263961514920508955e+06 2.015422120320782997e+06 1.082432428832963342e+06 3.058647436354650999e+05 -1.391162759740129877e+04 1.727257474620028224e+05 3.282879672616022872e+05 3.732104988027628278e+05 3.775775794603707036e+05 3.763907533428047318e+05 3.614364828727856511e+05 3.212924775083673885e+05 2.677466865187963704e+05 2.262819392545648734e+05 2.096830061486629711e+05 2.086542019373735820e+05 2.041473755999282876e+05 1.845196263308986963e+05 1.548758782795708394e+05 1.300985451227063168e+05
1.582625228024841053e+06 1.521151235549289035e+06 9.999342766664123628e+05 5.232843744729610626e+05 1.727257474620028224e+05 -9.781633917233700686e+02 1.314235669380835607e+05 2.602410718712551752e+05 2.974119620913803810e+05 2.924285944730437477e+05 2.799328998575658770e+05 2.625386017196417088e+05 2.363999679781803861e+05 2.058562413483309792e+05 1.805531602144961944e+05 1.655378148917894578e+05 1.573047038776772388e+05 1.483745063963536522e+05 1.345981690409592702e+05 1.181593538014252699e+05
1.401120766530505847e+06 1.270566927222626982e+06 8.479944725685277954e+05 5.361686139877458336e+05 3.282879672616022872e+05 1.314235669380835607e+05 8.058408822638173660e+03 1.086183991412578325e+05 2.011682055579410226e+05 2.193633228009257582e+05 2.085035807315651909e+05 1.967001646385339845e+05 1.863209295732093742e+05 1.721975778581553022e+05 1.533932491993706208e+05 1.348478321268556465e+05 1.212707604404732265e+05 1.126825606806890428e+05 1.058913445429919229e+05 9.786539882412289444e+04
1.766421452971760649e+06 1.419403429677333916e+06 8.463988985184569610e+05 5.216085490101262694e+05 3.732104988027628278e+05 2.602410718712551752e+05 1.086183991412578325e+05 1.418501664401755079e+04 7.791220554537115095e+04 1.301489043810054136e+05 1.363986293274837371e+05 1.291613081560017308e+05 1.246132269485967408e+05 1.215539446091485588e+05 1.143069719976710767e+05 1.018930781131274125e+05 8.864873191100345866e+04 7.886137903355706658e+04 7.332831569019526069e+04 6.979441748207577621e+04
2.113061359307375271e+06 1.660320081321577309e+06 9.375248370229105931e+05 5.397778854645121610e+05 3.775775794603707036e+05 2.974119620913803810e+05 2.011682055579410226e+05 7.791220554537115095e+04 1.493791707813061294e+04 4.766830624712436838e+04 7.316322203582078509e+04 7.703861592138730339e+04 7.623615461723344924e+04 7.701419741464356775e+04 7.671327000409558241e+04 7.195011126209172653e+04 6.342859019314814213e+04 5.485811876803351333e+04 4.918325468220684706e+04 4.649443512291564548e+04
1.942916011604770087e+06 1.604920755878052441e+06 9.463109409504770301e+05 5.511452068594843149e+05 3.763907533428047318e+05 2.924285944730437477e+05 2.193633228009257582e+05 1.301489043810054136e+05 4.766830624712436838e+04 1.266384783918571884e+04 2.857932294000185357e+04 4.276829991909996897e+04 4.798215995895070955e+04 5.060579132487106835e+04 5.244475705330495111e+04 5.188649675537577423e+04 4.790311071362570510e+04 4.193650936225494661e+04 3.665154184544355667e+04 3.355513797040021745e+04
1.309341678589249728e+06 1.195032393502358580e+06 7.886203103759352816e+05 5.045566155396778486e+05 3.614364828727856511e+05 2.799328998575658770e+05 2.085035807315651909e+05 1.363986293274837371e+05 7.316322203582078509e+04 2.857932294000185357e+04 1.029055312270463583e+04 1.988999500430535045e+04 3.125175876496965066e+04 3.738807962610096729e+04 4.015002503695286578e+04 4.092310158088893513e+04 3.954647913537161367e+04 3.609223805695248302e+04 3.184956535579094998e+04 2.841563411019318664e+04
6.594213456254844787e+05 7.143319473355947994e+05 5.530523331561168889e+05 4.051192623550138669e+05 3.212924775083673885e+05 2.625386017196417088e+05 1.967001646385339845e+05 1.291613081560017308e+05 7.703861592138730339e+04 4.276829991909996897e+04 1.988999500430535045e+04 8.487819940679592037e+03 1.664053528142584400e+04 2.754418266708906231e+04 3.288964905157029716e+04 3.421334560440578935e+04 3.377942449562642287e+04 3.212851812357742165e+04 2.945613477340588361e+04 2.644639417284791853e+04
4.670276229469534592e+05 5.028639588597251568e+05 4.004143476803314406e+05 3.115366681226264336e+05 2.677466865187963704e+05 2.363999679781803861e+05 1.863209295732093742e+05 1.246132269485967408e+05 7.623615461723344924e+04 4.798215995895070955e+04 3.125175876496965066e+04 1.664053528142584400e+04 7.000040249564986880e+03 1.452868294505786798e+04 2.381733017780673981e+04 2.717595707705577297e+04 2.722655195077669850e+04 2.644171902491796936e+04 2.527877117730671307e+04 2.356043233712859364e+04
7.979612444724997040e+05 6.512679016963890754e+05 4.068506978745735832e+05 2.743256371414681780e+05 2.262819392545648734e+05 2.058562413483309792e+05 1.721975778581553022e+05 1.215539446091485588e+05 7.701419741464356775e+04 5.060579132487106835e+04 3.738807962610096729e+04 2.754418266708906231e+04 1.452868294505786798e+04 5.617352658163065826e+03 1.145976247180518658e+04 1.774243594711942569e+04 1.940841059400941231e+04 1.919684052871143285e+04 1.886937638087995947e+04 1.843659215478866463e+04
1.222504911088970490e+06 9.230309149517383194e+05 5.043363724677120335e+05 2.892232749641663977e+05 2.096830061486629711e+05 1.805531602144961944e+05 1.533932491993706208e+05 1.143069719976710767e+05 7.671327000409558241e+04 5.244475705330495111e+04 4.015002503695286578e+04 3.288964905157029716e+04 2.381733017780673981e+04 1.145976247180518658e+04 4.375482607495016964e+03 8.025463147606443272e+03 1.161580022434925741e+04 1.257437685116992725e+04 1.274640102377367475e+04 1.295452916937379632e+04
1.288255444941783091e+06 1.005081960690997308e+06 5.569322505411924794e+05 3.101044142922094907e+05 2.086542019373735820e+05 1.655378148917894578e+05 1.348478321268556465e+05 1.018930781131274125e+05 7.195011126209172653e+04 5.188649675537577423e+04 4.092310158088893513e+04 3.421334560440578935e+04 2.717595707705577297e+04 1.774243594711942569e+04 8.025463147606443272e+03 3.424423747230847312e+03 5.475197050404912261e+03 7.594871384892776405e+03 8.497092912024316320e+03 9.020392673301270406e+03
9.426079726792818401e+05 8.002876808503017528e+05 4.895558362431355054e+05 2.949475679252392147e+05 2.041473755999282876e+05 1.573047038776772388e+05 1.212707604404732265e+05 8.864873191100345866e+04 6.342859019314814213e+04 4.790311071362570510e+04 3.954647913537161367e+04 3.377942449562642287e+04 2.722655195077669850e+04 1.940841059400941231e+04 1.161580022434925741e+04 5.475197050404912261e+03 2.788042325711719059e+03 4.069512569753429489e+03 5.707525661278326879e+03 6.704586031163746156e+03
4.595872486595771043e+05 4.694526733976890682e+05 3.440196117647794308e+05 2.406944881727378524e+05 1.845196263308986963e+05 1.483745063963536522e+05 1.126825606806890428e+05 7.886137903355706658e+04 5.485811876803351333e+04 4.193650936225494661e+04 3.609223805695248302e+04 3.212851812357742165e+04 2.644171902491796936e+04 1.919684052871143285e+04 1.257437685116992725e+04 7.594871384892776405e+03 4.069512569753429489e+03 2.349905292500869564e+03 3.416190021116720800e+03 5.005512456735613341e+03
2.031448914752342680e+05 2.601981279526151193e+05 2.267596005693565239e+05 1.813461309409251553e+05 1.548758782795708394e+05 1.345981690409592702e+05 1.058913445429919229e+05 7.332831569019526069e+04 4.918325468220684706e+04 3.665154184544355667e+04 3.184956535579094998e+04 2.945613477340588361e+04 2.527877117730671307e+04 1.886937638087995947e+04 1.274640102377367475e+04 8.497092912024316320e+03 5.707525661278326879e+03 3.416190021116720800e+03 1.981739083796903287e+03 3.020067503589103580e+03
3.173461510821925476e+05 2.926406893832128262e+05 2.070577047083153157e+05 1.523002910781333339e+05 1.300985451227063168e+05 1.181593538014252699e+05 9.786539882412289444e+04 6.979441748207577621e+04 4.649443512291564548e+04 3.355513797040021745e+04 2.841563411019318664e+04 2.644639417284791853e+04 2.356043233712859364e+04 1.843659215478866463e+04 1.295452916937379632e+04 9.020392673301270406e+03 6.704586031163746156e+03 5.005512456735613341e+03 3.020067503589103580e+03 1.629455439627755595e+03
