-7.839558741539235925e+05 -7.277516918265731074e+05 -5.334105545398117974e+05 -3.777743170056255185e+05 -2.770437984545307700e+05 -2.005840452201537846e+05 -1.288047999851547647e+05 -6.424119289151447447e+04 -1.542619367724740368e+04 1.786763610422313286e+04 4.221456162450565898e+04 6.212791546771211870e+04 7.728499603487405693e+04 8.580988773020450026e+04 8.825944482624686498e+04 8.775249696148432849e+04 8.710190044795507856e+04 8.680279195641851402e+04 8.563257961335750588e+04 8.245291154066570743e+04
-7.277516918265731074e+05 -5.288979822426973842e+05 -3.828055189203263726e+05 -2.784487763386211009e+05 -2.091302451744434074e+05 -1.537568808703076502e+05 -9.946225777525275771e+04 -4.962720205414410884e+04 -1.139890240264973363e+04 1.509290435438547684e+04 3.458799484603018209e+04 5.045873932291783422e+04 6.257914234277317883e+04 6.969437057430989807e+04 7.224781850211083656e+04 7.236154299927974353e+04 7.196439284935334581e+04 7.156824364844417141e+04 7.049209610580395383e+04 6.804601261742805946e+04
-5.334105545398117974e+05 -3.828055189203263726e+05 -2.016212974203763297e+05 -1.414557916081336152e+05 -1.097330201347792899e+05 -8.243975889089959674e+04 -5.370444655193322251e+04 -2.664057985020148772e+04 -5.589081749946625678e+03 9.346472343260098569e+03 2.060244357573392335e+04 2.978544412250572714e+04 3.673290318677917094e+04 4.087821895609356579e+04 4.264044405278099293e+04 4.314674622479391110e+04 4.322995824337803788e+04 4.305105685361439100e+04 4.232855635460787016e+04 4.086712102562703512e+04
-3.777743170056255185e+05 -2.784487763386211009e+05 -1.414557916081336152e+05 -7.106370107216162432e+04 -5.395628052349618520e+04 -4.207821876995262573e+04 -2.765722899215348298e+04 -1.344939676138622963e+04 -2.257132207716373159e+03 5.901986872229933397e+03 1.233603907416894253e+04 1.770577592701032700e+04 2.171083570199914539e+04 2.404842820757272057e+04 2.512349613402756950e+04 2.566540369566645313e+04 2.603490726635612009e+04 2.612892791064963603e+04 2.571636729027363253e+04 2.479013589860226057e+04
-2.770437984545307700e+05 -2.091302451744434074e+05 -1.097330201347792899e+05 -5.395628052349618520e+04 -2.892161607754215220e+04 -2.224504749186962727e+04 -1.501666281327671823e+04 -7.004155033842359444e+03 -4.837117198716542248e+02 4.432008157290201780e+03 8.558877805075531796e+03 1.218910407883323205e+04 1.492062398649142779e+04 1.646149609199217957e+04 1.716017712506909811e+04 1.762284579033011323e+04 1.810460003073764528e+04 1.841456268547156287e+04 1.825867778132103194e+04 1.761600326790355030e+04
-2.005840452201537846e+05 -1.537568808703076502e+05 -8.243975889089959674e+04 -4.207821876995262573e+04 -2.224504749186962727e+04 -1.118044143800270467e+04 -7.131004185555016193e+03 -2.986139506616227663e+03 7.599452997575156132e+02 3.769101623053814819e+03 6.503406510911710029e+03 9.101144572326675188e+03 1.115837537689939563e+04 1.233552540105580920e+04 1.284952021400415106e+04 1.320944436765017599e+04 1.367786693125531019e+04 1.410714432930545445e+04 1.418217560440088528e+04 1.379283835314658972e+04
-1.288047999851547647e+05 -9.946225777525275771e+04 -5.370444655193322251e+04 -2.765722899215348298e+04 -1.501666281327671823e+04 -7.131004185555016193e+03 -1.715417399651108781e+03 6.258295244609104202e+01 1.642159624788656402e+03 3.189679317132402048e+03 4.790775500517203909e+03 6.458074257329389184e+03 7.886640525141825492e+03 8.778508908801211874e+03 9.197558010371052660e+03 9.469328336609702092e+03 9.826136346443539878e+03 1.022251831526590831e+04 1.043165302564353988e+04 1.030229654412057062e+04
-6.424119289151447447e+04 -4.962720205414410884e+04 -2.664057985020148772e+04 -1.344939676138622963e+04 -7.004155033842359444e+03 -2.986139506616227663e+03 6.258295244609104202e+01 1.818482617917660264e+03 2.039662851429673537e+03 2.514472787536763917e+03 3.270678212038253150e+03 4.164341032544482005e+03 4.988702543698822410e+03 5.567260074951966089e+03 5.899736025337767387e+03 6.122926968141176076e+03 6.363095046472858485e+03 6.632616936259410068e+03 6.832915175052782615e+03 6.863111942059992543e+03
-1.542619367724740368e+04 -1.139890240264973363e+04 -5.589081749946625678e+03 -2.257132207716373159e+03 -4.837117198716542248e+02 7.599452997575156132e+02 1.642159624788656402e+03 2.039662851429673537e+03 2.085479121968389791e+03 1.943767415587996538e+03 2.187284280773614682e+03 2.613448966477819795e+03 3.027117684141131576e+03 3.343224896660320155e+03 3.574399775068126928e+03 3.766650115312340404e+03 3.947767771539945898e+03 4.118065604642622020e+03 4.251961558281315774e+03 4.318886157873515003e+03
1.786763610422313286e+04 1.509290435438547684e+04 9.346472343260098569e+03 5.901986872229933397e+03 4.432008157290201780e+03 3.769101623053814819e+03 3.189679317132402048e+03 2.514472787536763917e+03 1.943767415587996538e+03 1.659150526513329851e+03 1.584271592755871552e+03 1.763190448519993652e+03 1.973765384636837325e+03 2.135507847969864542e+03 2.281294884326895044e+03 2.442652633769943350e+03 2.606981111081757263e+03 2.743251643395745305e+03 2.835732266255209197e+03 2.891223365686472334e+03
4.221456162450565898e+04 3.458799484603018209e+04 2.060244357573392335e+04 1.233603907416894253e+04 8.558877805075531796e+03 6.503406510911710029e+03 4.790775500517203909e+03 3.270678212038253150e+03 2.187284280773614682e+03 1.584271592755871552e+03 1.351670084016980582e+03 1.327736876814408106e+03 1.432418660814380246e+03 1.525782487558994944e+03 1.618059436718366669e+03 1.748592174648041464e+03 1.906941338611651190e+03 2.047970716993962697e+03 2.138808089417970223e+03 2.187297312498243173e+03
6.212791546771211870e+04 5.045873932291783422e+04 2.978544412250572714e+04 1.770577592701032700e+04 1.218910407883323205e+04 9.101144572326675188e+03 6.458074257329389184e+03 4.164341032544482005e+03 2.613448966477819795e+03 1.763190448519993652e+03 1.327736876814408106e+03 1.122665560729506069e+03 1.083766719816404930e+03 1.138176911855877961e+03 1.207167425978035226e+03 1.309110997983774723e+03 1.450135564273281034e+03 1.596542762421370071e+03 1.705672001281792291e+03 1.766227650378139970e+03
7.728499603487405693e+04 6.257914234277317883e+04 3.673290318677917094e+04 2.171083570199914539e+04 1.492062398649142779e+04 1.115837537689939563e+04 7.886640525141825492e+03 4.988702543698822410e+03 3.027117684141131576e+03 1.973765384636837325e+03 1.432418660814380246e+03 1.083766719816404930e+03 8.495102810795384585e+02 8.000070749668659573e+02 8.539143953546214334e+02 9.372896459862727170e+02 1.047865244641677464e+03 1.174950017917560444e+03 1.289269699728367868e+03 1.368263155457261973e+03
8.580988773020450026e+04 6.969437057430989807e+04 4.087821895609356579e+04 2.404842820757272057e+04 1.646149609199217957e+04 1.233552540105580920e+04 8.778508908801211874e+03 5.567260074951966089e+03 3.343224896660320155e+03 2.135507847969864542e+03 1.525782487558994944e+03 1.138176911855877961e+03 8.000070749668659573e+02 5.648060531588761251e+02 5.411213540915441627e+02 6.095837107882771306e+02 6.951153421294435475e+02 7.882735816340409656e+02 8.817130376440366035e+02 9.620824822223898991e+02
8.825944482624686498e+04 7.224781850211083656e+04 4.264044405278099293e+04 2.512349613402756950e+04 1.716017712506909811e+04 1.284952021400415106e+04 9.197558010371052660e+03 5.899736025337767387e+03 3.574399775068126928e+03 2.281294884326895044e+03 1.618059436718366669e+03 1.207167425978035226e+03 8.539143953546214334e+02 5.411213540915441627e+02 3.587858322613687960e+02 3.649866086641422953e+02 4.336884217276639220e+02 5.037875176051791755e+02 5.702327777567238627e+02 6.345341853056019090e+02
8.775249696148432849e+04 7.236154299927974353e+04 4.314674622479391110e+04 2.566540369566645313e+04 1.762284579033011323e+04 1.320944436765017599e+04 9.469328336609702092e+03 6.122926968141176076e+03 3.766650115312340404e+03 2.442652633769943350e+03 1.748592174648041464e+03 1.309110997983774723e+03 9.372896459862727170e+02 6.095837107882771306e+02 3.649866086641422953e+02 2.455475828442708348e+02 2.658857284075593270e+02 3.248204563893326622e+02 3.776980639254274479e+02 4.258165950475020054e+02
8.710190044795507856e+04 7.196439284935334581e+04 4.322995824337803788e+04 2.603490726635612009e+04 1.810460003073764528e+04 1.367786693125531019e+04 9.826136346443539878e+03 6.363095046472858485e+03 3.947767771539945898e+03 2.606981111081757263e+03 1.906941338611651190e+03 1.450135564273281034e+03 1.047865244641677464e+03 6.951153421294435475e+02 4.336884217276639220e+02 2.658857284075593270e+02 1.893363462084533921e+02 2.126673888432103752e+02 2.618271774267585101e+02 3.043594391420558622e+02
8.680279195641851402e+04 7.156824364844417141e+04 4.305105685361439100e+04 2.612892791064963603e+04 1.841456268547156287e+04 1.410714432930545445e+04 1.022251831526590831e+04 6.632616936259410068e+03 4.118065604642622020e+03 2.743251643395745305e+03 2.047970716993962697e+03 1.596542762421370071e+03 1.174950017917560444e+03 7.882735816340409656e+02 5.037875176051791755e+02 3.248204563893326622e+02 2.126673888432103752e+02 1.573578376714082765e+02 1.793366800244689330e+02 2.220963264572488356e+02
8.563257961335750588e+04 7.049209610580395383e+04 4.232855635460787016e+04 2.571636729027363253e+04 1.825867778132103194e+04 1.418217560440088528e+04 1.043165302564353988e+04 6.832915175052782615e+03 4.251961558281315774e+03 2.835732266255209197e+03 2.138808089417970223e+03 1.705672001281792291e+03 1.289269699728367868e+03 8.817130376440366035e+02 5.702327777567238627e+02 3.776980639254274479e+02 2.618271774267585101e+02 1.793366800244689330e+02 1.322217099709776846e+02 1.518762710420940891e+02
8.245291154066570743e+04 6.804601261742805946e+04 4.086712102562703512e+04 2.479013589860226057e+04 1.761600326790355030e+04 1.379283835314658972e+04 1.030229654412057062e+04 6.863111942059992543e+03 4.318886157873515003e+03 2.891223365686472334e+03 2.187297312498243173e+03 1.766227650378139970e+03 1.368263155457261973e+03 9.620824822223898991e+02 6.345341853056019090e+02 4.258165950475020054e+02 3.043594391420558622e+02 2.220963264572488356e+02 1.518762710420940891e+02 1.094593911345961459e+02
