-1.022417433807476540e+06 -4.512215477666538209e+05 -3.090716735828195669e+04 1.353867005915044865e+05 2.551310795750178222e+05 3.428849416797758313e+05 3.900554993153625401e+05 3.903297536685446394e+05 3.585969491878020926e+05 3.192697834179424681e+05 2.878403885560536291e+05 2.654958074162879493e+05 2.455305084722622414e+05 2.221732851821458316e+05 1.953126240090965875e+05 1.695085533777654055e+05 1.494212962279407075e+05 1.361640237199825351e+05 1.274458852437059104e+05 1.196845551698607160e+05
-4.512215477666538209e+05 -3.152437095117404242e+05 -3.360613314412387263e+04 1.128107667277828441e+05 1.943636668217309052e+05 2.574214099700273364e+05 2.935312954846852808e+05 3.002283264622617862e+05 2.863842566331299604e+05 2.634705076080450090e+05 2.399069927513012954e+05 2.198131298492811329e+05 2.029821598220976593e+05 1.868984072353270894e+05 1.692370100343074009e+05 1.500146238838722056e+05 1.318775707803238765e+05 1.177141079997087509e+05 1.082626226442566694e+05 1.018766450036814058e+05
-3.090716735828195669e+04 -3.360613314412387263e+04 6.464452521743178295e+03 6.266473841955498210e+04 1.060772868899355526e+05 1.360389112734292285e+05 1.542384977828039264e+05 1.603115370922313014e+05 1.595352213831919653e+05 1.547105011864384578e+05 1.457654484098376706e+05 1.341113467548563203e+05 1.228566476397191291e+05 1.138774759228499315e+05 1.062362409567609720e+05 9.761376965857874893e+04 8.723964405808044830e+04 7.682945096370091778e+04 6.874750955808705476e+04 6.381244286981441837e+04
1.353867005915044865e+05 1.128107667277828441e+05 6.266473841955498210e+04 4.555969720346154645e+04 5.406714454154268606e+04 6.943665393161465181e+04 7.816627307233199826e+04 8.222367347039909509e+04 8.493051596930708911e+04 8.734759301896202669e+04 8.715184895894388319e+04 8.274845361362252152e+04 7.602202275953209028e+04 7.020278491829140694e+04 6.641024302325001918e+04 6.309679353416142112e+04 5.829771898568316101e+04 5.189572545453415660e+04 4.565046374016365735e+04 4.131253311853302876e+04
2.551310795750178222e+05 1.943636668217309052e+05 1.060772868899355526e+05 5.406714454154268606e+04 3.602502592331303458e+04 3.631982991607117583e+04 4.271044174132780608e+04 4.643268955390189512e+04 4.995824818393259193e+04 5.418532210707909690e+04 5.765543527987881680e+04 5.808297603088479809e+04 5.523012991208228050e+04 5.130615613423128525e+04 4.841404329124408105e+04 4.658785859604502184e+04 4.439642714217610046e+04 4.080058642175207933e+04 3.630020156210107234e+04 3.233858370407012262e+04
3.428849416797758313e+05 2.574214099700273364e+05 1.360389112734292285e+05 6.943665393161465181e+04 3.631982991607117583e+04 2.232642207970812160e+04 2.081980911218215988e+04 2.580955288303493944e+04 3.022462474547851161e+04 3.479177064584317122e+04 3.923134061539899267e+04 4.231891391485022905e+04 4.295124637092616467e+04 4.144836040640508872e+04 3.928694584628506709e+04 3.757396559016504762e+04 3.617750993074264261e+04 3.429271395714555547e+04 3.154494627894887162e+04 2.842765542346737129e+04
3.900554993153625401e+05 2.935312954846852808e+05 1.542384977828039264e+05 7.816627307233199826e+04 4.271044174132780608e+04 2.081980911218215988e+04 9.844923998267588104e+03 9.819249142040807783e+03 1.529998203297690452e+04 1.989692111424991162e+04 2.391665318574631601e+04 2.741803079665279438e+04 2.999364188705960260e+04 3.105115241702558706e+04 3.055788387892200990e+04 2.925956508001873590e+04 2.794074999954459417e+04 2.675366555813929881e+04 2.540060135435534175e+04 2.365224180401168269e+04
3.903297536685446394e+05 3.002283264622617862e+05 1.603115370922313014e+05 8.222367347039909509e+04 4.643268955390189512e+04 2.580955288303493944e+04 9.819249142040807783e+03 2.753433690069505246e+03 4.282590803968982982e+03 8.807149493816868926e+03 1.211936568390743741e+04 1.483677601612193757e+04 1.738076889777610631e+04 1.954255020861066805e+04 2.065861572238215012e+04 2.047639041899045333e+04 1.952755655293967357e+04 1.853481131663018823e+04 1.779049999620002200e+04 1.710298231356091128e+04
3.585969491878020926e+05 2.863842566331299604e+05 1.595352213831919653e+05 8.493051596930708911e+04 4.995824818393259193e+04 3.022462474547851161e+04 1.529998203297690452e+04 4.282590803968982982e+03 5.086451452026012703e+02 2.031026539137246573e+03 4.944270146772432781e+03 7.007715590451880416e+03 8.878894896870957382e+03 1.081533617739495639e+04 1.244652005041519078e+04 1.319761311327873409e+04 1.297626013193669496e+04 1.228767600433360712e+04 1.171054140277483384e+04 1.140424808661660791e+04
3.192697834179424681e+05 2.634705076080450090e+05 1.547105011864384578e+05 8.734759301896202669e+04 5.418532210707909690e+04 3.479177064584317122e+04 1.989692111424991162e+04 8.807149493816868926e+03 2.031026539137246573e+03 2.725212866281299284e+01 1.041913055845624513e+03 2.941136608591862114e+03 4.454051392701814621e+03 5.964736351187197215e+03 7.447115168794462079e+03 8.540880678139908923e+03 8.929549966177939496e+03 8.698779358020441578e+03 8.280878591759234041e+03 8.026127000144084377e+03
2.878403885560536291e+05 2.399069927513012954e+05 1.457654484098376706e+05 8.715184895894388319e+04 5.765543527987881680e+04 3.923134061539899267e+04 2.391665318574631601e+04 1.211936568390743741e+04 4.944270146772432781e+03 1.041913055845624513e+03 -1.537441228860984666e+02 5.839799877550453857e+02 2.119419378512043750e+03 3.467991947048062229e+03 4.744946416164424591e+03 5.847377080434807795e+03 6.563419420588450521e+03 6.777294906753617397e+03 6.635019496184566378e+03 6.427976090037307586e+03
2.654958074162879493e+05 2.198131298492811329e+05 1.341113467548563203e+05 8.274845361362252152e+04 5.808297603088479809e+04 4.231891391485022905e+04 2.741803079665279438e+04 1.483677601612193757e+04 7.007715590451880416e+03 2.941136608591862114e+03 5.839799877550453857e+02 -2.400606278352020126e+02 4.557431182137331689e+02 1.848174592299249070e+03 3.030121919532005450e+03 4.035505905921969770e+03 4.829374243543424200e+03 5.336532884673173612e+03 5.531640744795495266e+03 5.505624230174324111e+03
2.455305084722622414e+05 2.029821598220976593e+05 1.228566476397191291e+05 7.602202275953209028e+04 5.523012991208228050e+04 4.295124637092616467e+04 2.999364188705960260e+04 1.738076889777610631e+04 8.878894896870957382e+03 4.454051392701814621e+03 2.119419378512043750e+03 4.557431182137331689e+02 -1.667782993983303186e+02 4.925632758518768810e+02 1.632978639185395423e+03 2.522612114742230006e+03 3.228519316924931445e+03 3.790906546843030355e+03 4.202378515349101690e+03 4.424926584303542768e+03
2.221732851821458316e+05 1.868984072353270894e+05 1.138774759228499315e+05 7.020278491829140694e+04 5.130615613423128525e+04 4.144836040640508872e+04 3.105115241702558706e+04 1.954255020861066805e+04 1.081533617739495639e+04 5.964736351187197215e+03 3.467991947048062229e+03 1.848174592299249070e+03 4.925632758518768810e+02 2.710663413898714680e+00 5.052284095324943678e+02 1.286738165587591766e+03 1.860992494144621332e+03 2.322624581549982850e+03 2.735927929065379431e+03 3.083755391817719556e+03
1.953126240090965875e+05 1.692370100343074009e+05 1.062362409567609720e+05 6.641024302325001918e+04 4.841404329124408105e+04 3.928694584628506709e+04 3.055788387892200990e+04 2.065861572238215012e+04 1.244652005041519078e+04 7.447115168794462079e+03 4.744946416164424591e+03 3.030121919532005450e+03 1.632978639185395423e+03 5.052284095324943678e+02 1.275542458596808046e+02 4.381491352919117617e+02 9.169962020091347767e+02 1.272212882807309370e+03 1.591478763003281074e+03 1.911044038019651452e+03
1.695085533777654055e+05 1.500146238838722056e+05 9.761376965857874893e+04 6.309679353416142112e+04 4.658785859604502184e+04 3.757396559016504762e+04 2.925956508001873590e+04 2.047639041899045333e+04 1.319761311327873409e+04 8.540880678139908923e+03 5.847377080434807795e+03 4.035505905921969770e+03 2.522612114742230006e+03 1.286738165587591766e+03 4.381491352919117617e+02 1.695158113916719458e+02 3.489820022085079358e+02 6.533337631828915164e+02 9.039195122259170603e+02 1.155531585691623150e+03
1.494212962279407075e+05 1.318775707803238765e+05 8.723964405808044830e+04 5.829771898568316101e+04 4.439642714217610046e+04 3.617750993074264261e+04 2.794074999954459417e+04 1.952755655293967357e+04 1.297626013193669496e+04 8.929549966177939496e+03 6.563419420588450521e+03 4.829374243543424200e+03 3.228519316924931445e+03 1.860992494144621332e+03 9.169962020091347767e+02 3.489820022085079358e+02 1.659543747510202252e+02 2.826023881255328547e+02 5.133088653319822470e+02 7.255963972247994889e+02
1.361640237199825351e+05 1.177141079997087509e+05 7.682945096370091778e+04 5.189572545453415660e+04 4.080058642175207933e+04 3.429271395714555547e+04 2.675366555813929881e+04 1.853481131663018823e+04 1.228767600433360712e+04 8.698779358020441578e+03 6.777294906753617397e+03 5.336532884673173612e+03 3.790906546843030355e+03 2.322624581549982850e+03 1.272212882807309370e+03 6.533337631828915164e+02 2.826023881255328547e+02 1.496193198222819376e+02 2.450750151344776384e+02 4.484119755277473587e+02
1.274458852437059104e+05 1.082626226442566694e+05 6.874750955808705476e+04 4.565046374016365735e+04 3.630020156210107234e+04 3.154494627894887162e+04 2.540060135435534175e+04 1.779049999620002200e+04 1.171054140277483384e+04 8.280878591759234041e+03 6.635019496184566378e+03 5.531640744795495266e+03 4.202378515349101690e+03 2.735927929065379431e+03 1.591478763003281074e+03 9.039195122259170603e+02 5.133088653319822470e+02 2.450750151344776384e+02 1.352947767768348228e+02 2.220846246506104649e+02
1.196845551698607160e+05 1.018766450036814058e+05 6.381244286981441837e+04 4.131253311853302876e+04 3.233858370407012262e+04 2.842765542346737129e+04 2.365224180401168269e+04 1.710298231356091128e+04 1.140424808661660791e+04 8.026127000144084377e+03 6.427976090037307586e+03 5.505624230174324111e+03 4.424926584303542768e+03 3.083755391817719556e+03 1.911044038019651452e+03 1.155531585691623150e+03 7.255963972247994889e+02 4.484119755277473587e+02 2.220846246506104649e+02 1.246936755276401385e+02
