-2.333676485045927402e+05 3.756478764650251833e+05 8.318404143028378021e+05 8.906969479223376838e+05 7.193863705663403962e+05 5.243605596037213691e+05 4.696477491024990450e+05 5.685936014371898491e+05 6.593561085382689489e+05 6.016538347286517965e+05 4.130189859561753692e+05 2.220544355916813656e+05 1.652070102311020310e+05 2.603389276118080306e+05 3.808186108694145805e+05 3.959451205572083709e+05 2.923224110765429214e+05 1.496507570571893593e+05 7.443942630139958055e+04 1.076830620769137749e+05
3.756478764650251833e+05 -1.548833612020299479e+05 3.183301726783219492e+05 6.108490120750727365e+05 5.893755786777519388e+05 4.629605652837410453e+05 4.004625370210325927e+05 4.457161752424489823e+05 5.109529542216602713e+05 4.881903910209016758e+05 3.650749595915460959e+05 2.249217662950323138e+05 1.656427854574809608e+05 2.110990024465441529e+05 2.893908778242736589e+05 3.093175366588786710e+05 2.454554272697179404e+05 1.466302607931548555e+05 8.573636467739430373e+04 9.681972353955102153e+04
8.318404143028378021e+05 3.183301726783219492e+05 -3.805734523008915130e+04 1.733306891980273649e+05 2.928812964189344202e+05 2.796263115494142985e+05 2.476647673528531450e+05 2.542654327741815359e+05 2.816930986580114113e+05 2.813901055309212534e+05 2.329885901450473466e+05 1.647840307888517855e+05 1.234234495679071842e+05 1.288687659331767645e+05 1.584150944884850178e+05 1.716173382585163054e+05 1.485505499943458999e+05 1.039156824071634619e+05 6.992413023844832787e+04 6.608977253025659593e+04
8.906969479223376838e+05 6.108490120750727365e+05 1.733306891980273649e+05 -3.812014843932937765e+03 8.049513762038431014e+04 1.369039283377705724e+05 1.453158491201879224e+05 1.473061738442876958e+05 1.559909827665630437e+05 1.593379083110484353e+05 1.445984469593934773e+05 1.158530208559535531e+05 9.099503369858529186e+04 8.341047073662024923e+04 8.970242426668596454e+04 9.527382835248555057e+04 8.873203736846752872e+04 7.114646302200865466e+04 5.377884827856694756e+04 4.672242209168284171e+04
7.193863705663403962e+05 5.893755786777519388e+05 2.928812964189344202e+05 8.049513762038431014e+04 8.203507578235372648e+02 4.383698212137680821e+04 8.337523789667536039e+04 9.822767018561679288e+04 1.030745499966330972e+05 1.046693259609113011e+05 1.005096329366204300e+05 8.900753177019952273e+04 7.497105678961856756e+04 6.552129734548863780e+04 6.288974549354204646e+04 6.315457681779810082e+04 6.085894089867908770e+04 5.384827844900613854e+04 4.487723660450474563e+04 3.852769296426612709e+04
5.243605596037213691e+05 4.629605652837410453e+05 2.796263115494142985e+05 1.369039283377705724e+05 4.383698212137680821e+04 1.361446805828266406e+03 3.177924488952610409e+04 6.404544475211061217e+04 7.591686355894146254e+04 7.714638200656068511e+04 7.508131236693682149e+04 7.065854066747767502e+04 6.400214096973038249e+04 5.694647769929987408e+04 5.165006565157425212e+04 4.852677980394767656e+04 4.615396646118837089e+04 4.288412049086911429e+04 3.845936701794411783e+04 3.405245710111253720e+04
4.696477491024990450e+05 4.004625370210325927e+05 2.476647673528531450e+05 1.453158491201879224e+05 8.337523789667536039e+04 3.177924488952610409e+04 2.290913775099358190e+03 2.532013980608907877e+04 4.829241321707188035e+04 5.457872899053123547e+04 5.346181360833001236e+04 5.127766915440143202e+04 4.899686652899222827e+04 4.589579351309424965e+04 4.187752972619487991e+04 3.784556607029100996e+04 3.460631918715628126e+04 3.212940844450448640e+04 2.994153380491338612e+04 2.766787229981387281e+04
5.685936014371898491e+05 4.457161752424489823e+05 2.542654327741815359e+05 1.473061738442876958e+05 9.822767018561679288e+04 6.404544475211061217e+04 2.532013980608907877e+04 3.340298989205374710e+03 1.787552486756120561e+04 3.076955626514205869e+04 3.332502055789071892e+04 3.242836216636426616e+04 3.182852044547663536e+04 3.144236733689235552e+04 3.005150310066566090e+04 2.738849121922552877e+04 2.437206805891796103e+04 2.197299567572923115e+04 2.046494698127517768e+04 1.945220455945206413e+04
6.593561085382689489e+05 5.109529542216602713e+05 2.816930986580114113e+05 1.559909827665630437e+05 1.030745499966330972e+05 7.591686355894146254e+04 4.829241321707188035e+04 1.787552486756120561e+04 3.460412520222987951e+03 1.087518843942476087e+04 1.713240108047063404e+04 1.857316512013265674e+04 1.884290709194196461e+04 1.937890610121196005e+04 1.958359264115771657e+04 1.866631087488098274e+04 1.678246177709377662e+04 1.480094121867776994e+04 1.344193540223027594e+04 1.276961764080128705e+04
6.016538347286517965e+05 4.881903910209016758e+05 2.813901055309212534e+05 1.593379083110484353e+05 1.046693259609113011e+05 7.714638200656068511e+04 5.457872899053123547e+04 3.076955626514205869e+04 1.087518843942476087e+04 2.887257993051126959e+03 6.462629198806909699e+03 9.908976001120656292e+03 1.142106494648881926e+04 1.234129810474865371e+04 1.302858546772264526e+04 1.307931996162306132e+04 1.225780893646651020e+04 1.092337499571672379e+04 9.724064343753900175e+03 9.026871571255085655e+03
4.130189859561753692e+05 3.650749595915460959e+05 2.329885901450473466e+05 1.445984469593934773e+05 1.005096329366204300e+05 7.508131236693682149e+04 5.346181360833001236e+04 3.332502055789071892e+04 1.713240108047063404e+04 6.462629198806909699e+03 2.257742366393858902e+03 4.404743947986758940e+03 7.130870751753876903e+03 8.777200043226283015e+03 9.662259576897453371e+03 1.003229358205466997e+04 9.831609276263383435e+03 9.100263872197252567e+03 8.170622482120969835e+03 7.428456617723321870e+03
2.220544355916813656e+05 2.249217662950323138e+05 1.647840307888517855e+05 1.158530208559535531e+05 8.900753177019952273e+04 7.065854066747767502e+04 5.127766915440143202e+04 3.242836216636426616e+04 1.857316512013265674e+04 9.908976001120656292e+03 4.404743947986758940e+03 1.774215372650548488e+03 3.605006416898858333e+03 6.200099308756535720e+03 7.625897633533724729e+03 8.128029746869984592e+03 8.168413076536730841e+03 7.874733652904771589e+03 7.323688168426439006e+03 6.695325337447801758e+03
1.652070102311020310e+05 1.656427854574809608e+05 1.234234495679071842e+05 9.099503369858529186e+04 7.497105678961856756e+04 6.400214096973038249e+04 4.899686652899222827e+04 3.182852044547663536e+04 1.884290709194196461e+04 1.142106494648881926e+04 7.130870751753876903e+03 3.605006416898858333e+03 1.422394553267890842e+03 3.118481696368769462e+03 5.316995140481569251e+03 6.239414695411609500e+03 6.394478690935067789e+03 6.315302930156385628e+03 6.120968318211284895e+03 5.792726808951593739e+03
2.603389276118080306e+05 2.110990024465441529e+05 1.288687659331767645e+05 8.341047073662024923e+04 6.552129734548863780e+04 5.694647769929987408e+04 4.589579351309424965e+04 3.144236733689235552e+04 1.937890610121196005e+04 1.234129810474865371e+04 8.777200043226283015e+03 6.200099308756535720e+03 3.118481696368769462e+03 1.143600196595602029e+03 2.456992706524941696e+03 3.939570303177920323e+03 4.421588401081534357e+03 4.466738359795843280e+03 4.463479120274414527e+03 4.424512291482585169e+03
3.808186108694145805e+05 2.893908778242736589e+05 1.584150944884850178e+05 8.970242426668596454e+04 6.288974549354204646e+04 5.165006565157425212e+04 4.187752972619487991e+04 3.005150310066566090e+04 1.958359264115771657e+04 1.302858546772264526e+04 9.662259576897453371e+03 7.625897633533724729e+03 5.316995140481569251e+03 2.456992706524941696e+03 9.016713916487965434e+02 1.718882116723324543e+03 2.566545653342323021e+03 2.846108067376442705e+03 2.944512244981241565e+03 3.042899176386446015e+03
3.959451205572083709e+05 3.093175366588786710e+05 1.716173382585163054e+05 9.527382835248555057e+04 6.315457681779810082e+04 4.852677980394767656e+04 3.784556607029100996e+04 2.738849121922552877e+04 1.866631087488098274e+04 1.307931996162306132e+04 1.003229358205466997e+04 8.128029746869984592e+03 6.239414695411609500e+03 3.939570303177920323e+03 1.718882116723324543e+03 7.084516955082924596e+02 1.166430192801330122e+03 1.667520903755463905e+03 1.911077387577214040e+03 2.070861465211117775e+03
2.923224110765429214e+05 2.454554272697179404e+05 1.485505499943458999e+05 8.873203736846752872e+04 6.085894089867908770e+04 4.615396646118837089e+04 3.460631918715628126e+04 2.437206805891796103e+04 1.678246177709377662e+04 1.225780893646651020e+04 9.831609276263383435e+03 8.168413076536730841e+03 6.394478690935067789e+03 4.421588401081534357e+03 2.566545653342323021e+03 1.166430192801330122e+03 5.716277198712411973e+02 8.577274673251880586e+02 1.243131005329082882e+03 1.497835962190314604e+03
1.496507570571893593e+05 1.466302607931548555e+05 1.039156824071634619e+05 7.114646302200865466e+04 5.384827844900613854e+04 4.288412049086911429e+04 3.212940844450448640e+04 2.197299567572923115e+04 1.480094121867776994e+04 1.092337499571672379e+04 9.100263872197252567e+03 7.874733652904771589e+03 6.315302930156385628e+03 4.466738359795843280e+03 2.846108067376442705e+03 1.667520903755463905e+03 8.577274673251880586e+02 4.737585515338603273e+02 7.120848376051061450e+02 1.082875111012185698e+03
7.443942630139958055e+04 8.573636467739430373e+04 6.992413023844832787e+04 5.377884827856694756e+04 4.487723660450474563e+04 3.845936701794411783e+04 2.994153380491338612e+04 2.046494698127517768e+04 1.344193540223027594e+04 9.724064343753900175e+03 8.170622482120969835e+03 7.323688168426439006e+03 6.120968318211284895e+03 4.463479120274414527e+03 2.944512244981241565e+03 1.911077387577214040e+03 1.243131005329082882e+03 7.120848376051061450e+02 3.940359667941324915e+02 6.262775183690549738e+02
1.076830620769137749e+05 9.681972353955102153e+04 6.608977253025659593e+04 4.672242209168284171e+04 3.852769296426612709e+04 3.405245710111253720e+04 2.766787229981387281e+04 1.945220455945206413e+04 1.276961764080128705e+04 9.026871571255085655e+03 7.428456617723321870e+03 6.695325337447801758e+03 5.792726808951593739e+03 4.424512291482585169e+03 3.042899176386446015e+03 2.070861465211117775e+03 1.497835962190314604e+03 1.082875111012185698e+03 6.262775183690549738e+02 3.228236169463252168e+02
