-8.148090033366475836e+04 -7.108673674453231797e+04 -4.793546908719967905e+04 -2.920648240983407595e+04 -1.625065573940759896e+04 -6.160418657861983775e+03 2.609703672821242435e+03 9.623055290968475674e+03 1.433786117170765829e+04 1.733380387549195439e+04 1.964988563796899689e+04 2.169940294233134409e+04 2.312252202070396015e+04 2.343587698904779245e+04 2.266845315250572821e+04 2.139436655094723392e+04 2.023934611195253819e+04 1.941759112668179296e+04 1.874989202016380295e+04 1.791930770090594888e+04
-7.108673674453231797e+04 -5.201867927659651468e+04 -3.517583554975987499e+04 -2.177425370264244339e+04 -1.206260925922449496e+04 -4.274617641706413451e+03 2.516448300040998220e+03 7.926157781738966150e+03 1.164953563784193102e+04 1.413777233879742562e+04 1.606755064830797528e+04 1.768705086300942276e+04 1.875983012612766470e+04 1.902273669485742357e+04 1.855049715914855915e+04 1.769572507811814648e+04 1.682093439058425065e+04 1.609749878092240033e+04 1.546596804034638444e+04 1.477268653836038902e+04
-4.793546908719967905e+04 -3.517583554975987499e+04 -1.735509133231627129e+04 -1.072692371969053966e+04 -5.892633159857578903e+03 -1.695351468630527734e+03 1.982388410744992143e+03 4.858726011642093908e+03 6.872596902805302307e+03 8.328021810876543896e+03 9.517214929043471784e+03 1.047178762266851118e+04 1.104233586993485915e+04 1.115842847286680808e+04 1.094442955665054978e+04 1.058164701356619844e+04 1.017397338513827344e+04 9.756844080419456077e+03 9.326640607544848535e+03 8.872359065740170990e+03
-2.920648240983407595e+04 -2.177425370264244339e+04 -1.072692371969053966e+04 -4.300779752902149994e+03 -2.234972022550251040e+03 -2.102251192046857113e+02 1.681734648048546660e+03 3.112375871964062299e+03 4.110977931912647364e+03 4.909109249544747399e+03 5.639936041207887683e+03 6.233152382369702536e+03 6.549407889821164645e+03 6.575737289542430517e+03 6.450558312638487223e+03 6.307700065574907057e+03 6.164290610321400891e+03 5.972006914977983797e+03 5.705642808093346503e+03 5.396847991367564646e+03
-1.625065573940759896e+04 -1.206260925922449496e+04 -5.892633159857578903e+03 -2.234972022550251040e+03 -1.618835475948980331e+02 7.030088972858929992e+02 1.650119445230070596e+03 2.388610679292881287e+03 2.895396873831345147e+03 3.354371046593460051e+03 3.849845977746321296e+03 4.287960582629391865e+03 4.518677028162881470e+03 4.518482719725655443e+03 4.414902746620377911e+03 4.338480212060268059e+03 4.304065758978234044e+03 4.239700688893349252e+03 4.085259507573331575e+03 3.858462876502811923e+03
-6.160418657861983775e+03 -4.274617641706413451e+03 -1.695351468630527734e+03 -2.102251192046857113e+02 7.030088972858929992e+02 1.482951442593093816e+03 1.759825594658938826e+03 2.040930815033239469e+03 2.264502493572527783e+03 2.515690131561709222e+03 2.851142073144800179e+03 3.190403013277573791e+03 3.392219799476148182e+03 3.406183021341705626e+03 3.322088779445554792e+03 3.261561733826158616e+03 3.260824293690591730e+03 3.264624814583495663e+03 3.198528928160510532e+03 3.047188344497630169e+03
2.609703672821242435e+03 2.516448300040998220e+03 1.982388410744992143e+03 1.681734648048546660e+03 1.650119445230070596e+03 1.759825594658938826e+03 1.862033971703478073e+03 1.714997594488753521e+03 1.716208127235680422e+03 1.819275912970290619e+03 2.012656739948075256e+03 2.239224910755375731e+03 2.398864054453398239e+03 2.437550231391566740e+03 2.394000204634605325e+03 2.349629661453894641e+03 2.348857912609826599e+03 2.371896937917466857e+03 2.364685311874291074e+03 2.294193336911258939e+03
9.623055290968475674e+03 7.926157781738966150e+03 4.858726011642093908e+03 3.112375871964062299e+03 2.388610679292881287e+03 2.040930815033239469e+03 1.714997594488753521e+03 1.415546858297136851e+03 1.193966155013588377e+03 1.192901517052498320e+03 1.285245729323528167e+03 1.407024042323392678e+03 1.504177809192173072e+03 1.546406256032196779e+03 1.543599200176306795e+03 1.528187486249546282e+03 1.526356370772794662e+03 1.540720941279196495e+03 1.551144199983678391e+03 1.534949209972046447e+03
1.433786117170765829e+04 1.164953563784193102e+04 6.872596902805302307e+03 4.110977931912647364e+03 2.895396873831345147e+03 2.264502493572527783e+03 1.716208127235680422e+03 1.193966155013588377e+03 8.624164982432981787e+02 7.450907856721136113e+02 7.790322331559513032e+02 8.412784114944039402e+02 8.897597025399746826e+02 9.179001201729597597e+02 9.332267937203937436e+02 9.427663242832047672e+02 9.498943283003702618e+02 9.570600283227992122e+02 9.637325536762394904e+02 9.653420675618106088e+02
1.733380387549195439e+04 1.413777233879742562e+04 8.328021810876543896e+03 4.909109249544747399e+03 3.354371046593460051e+03 2.515690131561709222e+03 1.819275912970290619e+03 1.192901517052498320e+03 7.450907856721136113e+02 5.310909532732724756e+02 4.913529122475596864e+02 5.253732710381872266e+02 5.540515427793494609e+02 5.705123887185018248e+02 5.877213534264117243e+02 6.090191817824905911e+02 6.276098541655412646e+02 6.378493565451933591e+02 6.415130156659065506e+02 6.440946653802568562e+02
1.964988563796899689e+04 1.606755064830797528e+04 9.517214929043471784e+03 5.639936041207887683e+03 3.849845977746321296e+03 2.851142073144800179e+03 2.012656739948075256e+03 1.285245729323528167e+03 7.790322331559513032e+02 4.913529122475596864e+02 3.667524518738719053e+02 3.517686865893225558e+02 3.741641008672304451e+02 3.903607206225462960e+02 4.067016971404760284e+02 4.308177718125437536e+02 4.572375971200237927e+02 4.760834329876093420e+02 4.838630818563354410e+02 4.863571342444935226e+02
2.169940294233134409e+04 1.768705086300942276e+04 1.047178762266851118e+04 6.233152382369702536e+03 4.287960582629391865e+03 3.190403013277573791e+03 2.239224910755375731e+03 1.407024042323392678e+03 8.412784114944039402e+02 5.253732710381872266e+02 3.517686865893225558e+02 2.612780438076799783e+02 2.496439757667050117e+02 2.706293264621117487e+02 2.914321640262310211e+02 3.152104485067072801e+02 3.433265342492185255e+02 3.690798687883176967e+02 3.855182757148543828e+02 3.928142783912735467e+02
2.312252202070396015e+04 1.875983012612766470e+04 1.104233586993485915e+04 6.549407889821164645e+03 4.518677028162881470e+03 3.392219799476148182e+03 2.398864054453398239e+03 1.504177809192173072e+03 8.897597025399746826e+02 5.540515427793494609e+02 3.741641008672304451e+02 2.496439757667050117e+02 1.659343651369427732e+02 1.615707692290548891e+02 1.892987430534803934e+02 2.152206580298617951e+02 2.404211739346351351e+02 2.660188821389688769e+02 2.881751586797191749e+02 3.031460501027097507e+02
2.343587698904779245e+04 1.902273669485742357e+04 1.115842847286680808e+04 6.575737289542430517e+03 4.518482719725655443e+03 3.406183021341705626e+03 2.437550231391566740e+03 1.546406256032196779e+03 9.179001201729597597e+02 5.705123887185018248e+02 3.903607206225462960e+02 2.706293264621117487e+02 1.615707692290548891e+02 8.852868490800670997e+01 9.523418703666183660e+01 1.245987538228518190e+02 1.483687673171615984e+02 1.692914679499704675e+02 1.900652045582944822e+02 2.088664641914995741e+02
2.266845315250572821e+04 1.855049715914855915e+04 1.094442955665054978e+04 6.450558312638487223e+03 4.414902746620377911e+03 3.322088779445554792e+03 2.394000204634605325e+03 1.543599200176306795e+03 9.332267937203937436e+02 5.877213534264117243e+02 4.067016971404760284e+02 2.914321640262310211e+02 1.892987430534803934e+02 9.523418703666183660e+01 4.234562076166466227e+01 5.390257021313689734e+01 7.819402187290397421e+01 9.683339083365777356e+01 1.135313485714758031e+02 1.308266736615183845e+02
2.139436655094723392e+04 1.769572507811814648e+04 1.058164701356619844e+04 6.307700065574907057e+03 4.338480212060268059e+03 3.261561733826158616e+03 2.349629661453894641e+03 1.528187486249546282e+03 9.427663242832047672e+02 6.090191817824905911e+02 4.308177718125437536e+02 3.152104485067072801e+02 2.152206580298617951e+02 1.245987538228518190e+02 5.390257021313689734e+01 2.006579040716145812e+01 3.081294183286946620e+01 4.972810758772811823e+01 6.524874136686476334e+01 8.001771235019933215e+01
2.023934611195253819e+04 1.682093439058425065e+04 1.017397338513827344e+04 6.164290610321400891e+03 4.304065758978234044e+03 3.260824293690591730e+03 2.348857912609826599e+03 1.526356370772794662e+03 9.498943283003702618e+02 6.276098541655412646e+02 4.572375971200237927e+02 3.433265342492185255e+02 2.404211739346351351e+02 1.483687673171615984e+02 7.819402187290397421e+01 3.081294183286946620e+01 8.973457330089388506e+00 1.814903174737170488e+01 3.475161341386709069e+01 4.953946487722081571e+01
1.941759112668179296e+04 1.609749878092240033e+04 9.756844080419456077e+03 5.972006914977983797e+03 4.239700688893349252e+03 3.264624814583495663e+03 2.371896937917466857e+03 1.540720941279196495e+03 9.570600283227992122e+02 6.378493565451933591e+02 4.760834329876093420e+02 3.690798687883176967e+02 2.660188821389688769e+02 1.692914679499704675e+02 9.683339083365777356e+01 4.972810758772811823e+01 1.814903174737170488e+01 2.236240608364584936e+00 1.136655923069447027e+01 2.780207844785349636e+01
1.874989202016380295e+04 1.546596804034638444e+04 9.326640607544848535e+03 5.705642808093346503e+03 4.085259507573331575e+03 3.198528928160510532e+03 2.364685311874291074e+03 1.551144199983678391e+03 9.637325536762394904e+02 6.415130156659065506e+02 4.838630818563354410e+02 3.855182757148543828e+02 2.881751586797191749e+02 1.900652045582944822e+02 1.135313485714758031e+02 6.524874136686476334e+01 3.475161341386709069e+01 1.136655923069447027e+01 -1.683679011458212083e+00 8.202799777653464020e+00
1.791930770090594888e+04 1.477268653836038902e+04 8.872359065740170990e+03 5.396847991367564646e+03 3.858462876502811923e+03 3.047188344497630169e+03 2.294193336911258939e+03 1.534949209972046447e+03 9.653420675618106088e+02 6.440946653802568562e+02 4.863571342444935226e+02 3.928142783912735467e+02 3.031460501027097507e+02 2.088664641914995741e+02 1.308266736615183845e+02 8.001771235019933215e+01 4.953946487722081571e+01 2.780207844785349636e+01 8.202799777653464020e+00 -2.779117670487253555e+00
