1.022757357972608763e+06 9.008188377745702164e+05 7.641897344697042136e+05 7.063426409035332035e+05 7.181160813534387853e+05 7.556462344199247891e+05 7.658743240084480494e+05 7.287554586265003309e+05 6.694692813391132513e+05 6.235186049362231279e+05 6.034565376935823588e+05 5.950878163428949192e+05 5.753168827886647778e+05 5.340354382119958755e+05 4.802502529274115223e+05 4.299242734075341723e+05 3.922355310484031797e+05 3.656644836492342874e+05 3.425378459539409960e+05 3.165117047495837905e+05
9.008188377745702164e+05 1.016843393058534712e+06 7.097587581056853523e+05 5.885409899904059712e+05 5.819512124513523886e+05 6.096559805757213617e+05 6.161701214530665893e+05 5.848561949619007064e+05 5.383666903594395844e+05 5.043347064494958613e+05 4.899223821865681675e+05 4.827616242549340823e+05 4.659599877700202633e+05 4.337992893441207707e+05 3.938337107361889794e+05 3.564577602239541011e+05 3.267210151254946832e+05 3.037252347256427747e+05 2.832959946203085128e+05 2.621373260416256671e+05
7.641897344697042136e+05 7.097587581056853523e+05 6.068000530134683941e+05 4.225976601389569696e+05 3.713682852198345936e+05 3.717069302782116574e+05 3.668601837445981801e+05 3.425820947172107408e+05 3.131258738401939627e+05 2.941986921261248644e+05 2.875545275701853097e+05 2.839346793446968077e+05 2.735275971859689453e+05 2.546089523983493273e+05 2.328861989122999948e+05 2.138075709231764777e+05 1.983673304977209191e+05 1.849316115716618660e+05 1.717846859718365013e+05 1.585353527326154872e+05
7.063426409035332035e+05 5.885409899904059712e+05 4.225976601389569696e+05 3.471796539242282161e+05 2.694222822784795426e+05 2.440252853192569164e+05 2.282129799824593938e+05 2.056060301311616786e+05 1.838867545872813498e+05 1.717760059751449153e+05 1.688143723918869800e+05 1.676931881035745319e+05 1.616231475834972807e+05 1.500754550035782740e+05 1.375695778567166126e+05 1.278461948642399075e+05 1.207370297806709277e+05 1.139632451037022402e+05 1.060301439968764607e+05 9.742866502300766297e+04
7.181160813534387853e+05 5.819512124513523886e+05 3.713682852198345936e+05 2.694222822784795426e+05 2.377901980492524744e+05 1.976767180990078487e+05 1.705352586597210611e+05 1.460571429152479395e+05 1.263919060618918447e+05 1.162239186311581871e+05 1.142518972993290517e+05 1.144280245057188731e+05 1.109829732958482346e+05 1.031120137940961140e+05 9.441794387835927773e+04 8.824526977077567426e+04 8.469351123521503177e+04 8.152598409344092943e+04 7.680847063604483264e+04 7.068500647359501454e+04
7.556462344199247891e+05 6.096559805757213617e+05 3.717069302782116574e+05 2.440252853192569164e+05 1.976767180990078487e+05 1.794102055792474130e+05 1.442094179853372625e+05 1.154502299123891862e+05 9.588890102619730169e+04 8.610525208646802639e+04 8.393815341582421388e+04 8.446357790390071750e+04 8.282791368030787271e+04 7.764798879838665016e+04 7.128797715963155497e+04 6.666009630882248166e+04 6.447508190598984220e+04 6.321184607126250194e+04 6.086061775773817499e+04 5.681754946981099056e+04
7.658743240084480494e+05 6.161701214530665893e+05 3.668601837445981801e+05 2.282129799824593938e+05 1.705352586597210611e+05 1.442094179853372625e+05 1.215668354595178098e+05 9.039940107507287757e+04 7.076663683400597074e+04 6.153014533600102004e+04 5.890454297150752245e+04 5.895342482147996634e+04 5.825542872161004925e+04 5.546317075042391662e+04 5.156907579747662385e+04 4.836928559472323104e+04 4.676860689332508628e+04 4.624461437116693560e+04 4.547444328401214443e+04 4.353872823130353208e+04
7.287554586265003309e+05 5.848561949619007064e+05 3.425820947172107408e+05 2.056060301311616786e+05 1.460571429152479395e+05 1.154502299123891862e+05 9.039940107507287757e+04 6.761794783755468961e+04 4.865823320722964127e+04 4.025998165703641280e+04 3.761062268273496011e+04 3.704712632415941334e+04 3.645791316340153571e+04 3.512929345250629558e+04 3.335841512364593655e+04 3.174216797676681381e+04 3.071835981878176972e+04 3.031983157496448257e+04 3.012227063029402780e+04 2.957039580353122074e+04
6.694692813391132513e+05 5.383666903594395844e+05 3.131258738401939627e+05 1.838867545872813498e+05 1.263919060618918447e+05 9.588890102619730169e+04 7.076663683400597074e+04 4.865823320722964127e+04 3.370796771564989467e+04 2.549837040810946564e+04 2.302119842112768674e+04 2.231442746289300703e+04 2.166238903481040688e+04 2.087609850109837134e+04 2.021886912570903951e+04 1.975296107785667118e+04 1.938429956080345073e+04 1.910395695330833405e+04 1.894734643707774740e+04 1.884881316422247983e+04
6.235186049362231279e+05 5.043347064494958613e+05 2.941986921261248644e+05 1.717760059751449153e+05 1.162239186311581871e+05 8.610525208646802639e+04 6.153014533600102004e+04 4.025998165703641280e+04 2.549837040810946564e+04 1.783196893325906422e+04 1.475338968608125651e+04 1.407646955328572949e+04 1.359230232126126430e+04 1.302674331023822924e+04 1.275582151198276733e+04 1.283260350288442896e+04 1.297692211998517269e+04 1.296359067530095308e+04 1.283700636336394564e+04 1.277428551515537947e+04
6.034565376935823588e+05 4.899223821865681675e+05 2.875545275701853097e+05 1.688143723918869800e+05 1.142518972993290517e+05 8.393815341582421388e+04 5.890454297150752245e+04 3.761062268273496011e+04 2.302119842112768674e+04 1.475338968608125651e+04 1.083246493237639152e+04 9.473501986285045859e+03 9.197641257001147096e+03 8.927054987609715681e+03 8.826073523674302123e+03 9.088186091476773072e+03 9.530064333238218751e+03 9.838875365577039702e+03 9.893748148579026747e+03 9.849588577058586452e+03
5.950878163428949192e+05 4.827616242549340823e+05 2.839346793446968077e+05 1.676931881035745319e+05 1.144280245057188731e+05 8.446357790390071750e+04 5.895342482147996634e+04 3.704712632415941334e+04 2.231442746289300703e+04 1.407646955328572949e+04 9.473501986285045859e+03 6.891675640930871850e+03 6.085260053492550469e+03 6.140143989650748154e+03 6.298248067574325432e+03 6.635397034059470570e+03 7.172505829883249135e+03 7.712270252686766980e+03 8.044649318030738868e+03 8.155673396141224657e+03
5.753168827886647778e+05 4.659599877700202633e+05 2.735275971859689453e+05 1.616231475834972807e+05 1.109829732958482346e+05 8.282791368030787271e+04 5.825542872161004925e+04 3.645791316340153571e+04 2.166238903481040688e+04 1.359230232126126430e+04 9.197641257001147096e+03 6.085260053492550469e+03 3.926549913660741367e+03 3.579551661598366536e+03 4.033131597654384223e+03 4.510682367151211110e+03 5.024373139700602223e+03 5.592378093468531915e+03 6.103967091678837278e+03 6.443666756324363632e+03
5.340354382119958755e+05 4.337992893441207707e+05 2.546089523983493273e+05 1.500754550035782740e+05 1.031120137940961140e+05 7.764798879838665016e+04 5.546317075042391662e+04 3.512929345250629558e+04 2.087609850109837134e+04 1.302674331023822924e+04 8.927054987609715681e+03 6.140143989650748154e+03 3.579551661598366536e+03 1.860405950702532436e+03 1.944469947570798695e+03 2.576371075307853971e+03 3.106296664244976455e+03 3.584438132498153209e+03 4.074652226715579673e+03 4.526623741150510796e+03
4.802502529274115223e+05 3.938337107361889794e+05 2.328861989122999948e+05 1.375695778567166126e+05 9.441794387835927773e+04 7.128797715963155497e+04 5.156907579747662385e+04 3.335841512364593655e+04 2.021886912570903951e+04 1.275582151198276733e+04 8.826073523674302123e+03 6.298248067574325432e+03 4.033131597654384223e+03 1.944469947570798695e+03 7.748267741769712984e+02 1.049316155155848946e+03 1.628885938322935999e+03 2.077619295936395247e+03 2.474926295919713084e+03 2.889144640996050384e+03
4.299242734075341723e+05 3.564577602239541011e+05 2.138075709231764777e+05 1.278461948642399075e+05 8.824526977077567426e+04 6.666009630882248166e+04 4.836928559472323104e+04 3.174216797676681381e+04 1.975296107785667118e+04 1.283260350288442896e+04 9.088186091476773072e+03 6.635397034059470570e+03 4.510682367151211110e+03 2.576371075307853971e+03 1.049316155155848946e+03 3.145528792074269404e+02 5.985245708181186046e+02 1.076646639022442514e+03 1.458598130602554647e+03 1.809794715521707985e+03
3.922355310484031797e+05 3.267210151254946832e+05 1.983673304977209191e+05 1.207370297806709277e+05 8.469351123521503177e+04 6.447508190598984220e+04 4.676860689332508628e+04 3.071835981878176972e+04 1.938429956080345073e+04 1.297692211998517269e+04 9.530064333238218751e+03 7.172505829883249135e+03 5.024373139700602223e+03 3.106296664244976455e+03 1.628885938322935999e+03 5.985245708181186046e+02 1.157008500117403003e+02 3.717919911759810816e+02 7.973674485561789425e+02 1.156526848084375388e+03
3.656644836492342874e+05 3.037252347256427747e+05 1.849316115716618660e+05 1.139632451037022402e+05 8.152598409344092943e+04 6.321184607126250194e+04 4.624461437116693560e+04 3.031983157496448257e+04 1.910395695330833405e+04 1.296359067530095308e+04 9.838875365577039702e+03 7.712270252686766980e+03 5.592378093468531915e+03 3.584438132498153209e+03 2.077619295936395247e+03 1.076646639022442514e+03 3.717919911759810816e+02 1.224011312503256121e+01 2.640217306415176495e+02 6.753093397497545993e+02
3.425378459539409960e+05 2.832959946203085128e+05 1.717846859718365013e+05 1.060301439968764607e+05 7.680847063604483264e+04 6.086061775773817499e+04 4.547444328401214443e+04 3.012227063029402780e+04 1.894734643707774740e+04 1.283700636336394564e+04 9.893748148579026747e+03 8.044649318030738868e+03 6.103967091678837278e+03 4.074652226715579673e+03 2.474926295919713084e+03 1.458598130602554647e+03 7.973674485561789425e+02 2.640217306415176495e+02 -3.192236585775135183e+01 2.251995639814706465e+02
3.165117047495837905e+05 2.621373260416256671e+05 1.585353527326154872e+05 9.742866502300766297e+04 7.068500647359501454e+04 5.681754946981099056e+04 4.353872823130353208e+04 2.957039580353122074e+04 1.884881316422247983e+04 1.277428551515537947e+04 9.849588577058586452e+03 8.155673396141224657e+03 6.443666756324363632e+03 4.526623741150510796e+03 2.889144640996050384e+03 1.809794715521707985e+03 1.156526848084375388e+03 6.753093397497545993e+02 2.251995639814706465e+02 -2.357429470706702901e+01
