6.298176856006055459e+04 1.396986960089157219e+05 2.517286022507536400e+05 2.415534854491176957e+05 1.966692747664954804e+05 1.534543463377243897e+05 1.385528498741163930e+05 1.513071110894971644e+05 1.610176919615873485e+05 1.433203274484509602e+05 1.032860486285153456e+05 6.521569070972323971e+04 5.356715777360295033e+04 7.017325779659315594e+04 9.048012694620639377e+04 9.048492620169495058e+04 6.869918667597058811e+04 4.056175466349036287e+04 2.595018328776235649e+04 3.189895018302325479e+04
1.396986960089157219e+05 7.311526619345626386e+04 1.173317895998464228e+05 1.765211244453996187e+05 1.610601185472199868e+05 1.314374912017445022e+05 1.157035863720112247e+05 1.196916448061464471e+05 1.264332880054116540e+05 1.168006643544621475e+05 8.982811389948567376e+04 6.147105723062949983e+04 4.940561574634811404e+04 5.700833991155007971e+04 7.005673614662022737e+04 7.160723112081842555e+04 5.764077864531028899e+04 3.783755786431898014e+04 2.588031310755617596e+04 2.773369861523851068e+04
2.517286022507536400e+05 1.173317895998464228e+05 4.692174473440149450e+04 6.488625630585139879e+04 8.746794454342662357e+04 7.984064142307138536e+04 7.062158715755555022e+04 6.899021842082880903e+04 7.110046751217149722e+04 6.807514994640887016e+04 5.665648495999769511e+04 4.244510433782284963e+04 3.396879073290211090e+04 3.445138713123368507e+04 3.917744297464134434e+04 4.049451691269117146e+04 3.498297777842143114e+04 2.575520542506388665e+04 1.895893627925682813e+04 1.808162671119767765e+04
2.415534854491176957e+05 1.765211244453996187e+05 6.488625630585139879e+04 2.789322564989529928e+04 3.487072987992910203e+04 4.430062455782589677e+04 4.256401129419109202e+04 4.058686052331478277e+04 4.032631276162815630e+04 3.929787414361524134e+04 3.514835775027453201e+04 2.878044292714373660e+04 2.354055772848210108e+04 2.174159905220899964e+04 2.250273856479308597e+04 2.296428674249674805e+04 2.107110158879204027e+04 1.721488328060487402e+04 1.362940845600343891e+04 1.216629279205787861e+04
1.966692747664954804e+05 1.610601185472199868e+05 8.746794454342662357e+04 3.487072987992910203e+04 1.849414654469980451e+04 2.202722500528007367e+04 2.773912527613261409e+04 2.795403628968985504e+04 2.722520477146615667e+04 2.639043857728042349e+04 2.469805744613151546e+04 2.180089985814635656e+04 1.863686259717576104e+04 1.651236217015921648e+04 1.573315997628274454e+04 1.545149424824396010e+04 1.462138811030568650e+04 1.291766039096330314e+04 1.095432764080112247e+04 9.613682917062380511e+03
1.534543463377243897e+05 1.314374912017445022e+05 7.984064142307138536e+04 4.430062455782589677e+04 2.202722500528007367e+04 1.340694364370892799e+04 1.568067220387940506e+04 2.013031085043568237e+04 2.055444593258962414e+04 1.979799995866164682e+04 1.875691269214120257e+04 1.736388583693599139e+04 1.562190242680832671e+04 1.392561570387199390e+04 1.267335431653043815e+04 1.186937938453862625e+04 1.118219773543827068e+04 1.030296034486261669e+04 9.235944208956849252e+03 8.246771692417647500e+03
1.385528498741163930e+05 1.157035863720112247e+05 7.062158715755555022e+04 4.256401129419109202e+04 2.773912527613261409e+04 1.568067220387940506e+04 9.402042465409218494e+03 1.095308838043308424e+04 1.423646971783100344e+04 1.437937382733701997e+04 1.363980051393143913e+04 1.282755622041127026e+04 1.199763157151950327e+04 1.105569764493524599e+04 1.004418881651044649e+04 9.119835484361319686e+03 8.372043550301425057e+03 7.751347079913481139e+03 7.172341949990127432e+03 6.598219134230656891e+03
1.513071110894971644e+05 1.196916448061464471e+05 6.899021842082880903e+04 4.058686052331478277e+04 2.795403628968985504e+04 2.013031085043568237e+04 1.095308838043308424e+04 6.081248238125908756e+03 7.015834823483766741e+03 8.946399395773343713e+03 8.892925043244282278e+03 8.408686685263341133e+03 7.999598949603730034e+03 7.631343712596115438e+03 7.133854096045843107e+03 6.485882700459911575e+03 5.829928659423831959e+03 5.299439533648508586e+03 4.920051428988085718e+03 4.625326897065308913e+03
1.610176919615873485e+05 1.264332880054116540e+05 7.110046751217149722e+04 4.032631276162815630e+04 2.722520477146615667e+04 2.055444593258962414e+04 1.423646971783100344e+04 7.015834823483766741e+03 3.824955102436392281e+03 4.294391744446474149e+03 5.231898802850562788e+03 5.185411281959933149e+03 4.991242146351980409e+03 4.860434637033592480e+03 4.701258111996693515e+03 4.394241784049240778e+03 3.964578495106433820e+03 3.544106834491372410e+03 3.237682222432216804e+03 3.048256009811799686e+03
1.433203274484509602e+05 1.168006643544621475e+05 6.807514994640887016e+04 3.929787414361524134e+04 2.639043857728042349e+04 1.979799995866164682e+04 1.437937382733701997e+04 8.946399395773343713e+03 4.294391744446474149e+03 2.557625830413895073e+03 2.787354063081362710e+03 3.262773386991724692e+03 3.297213969628296127e+03 3.263750078432168721e+03 3.224802927601309420e+03 3.112720964960709807e+03 2.883351186424895786e+03 2.589135978014276134e+03 2.329570477275620306e+03 2.159413926287088088e+03
1.032860486285153456e+05 8.982811389948567376e+04 5.665648495999769511e+04 3.514835775027453201e+04 2.469805744613151546e+04 1.875691269214120257e+04 1.363980051393143913e+04 8.892925043244282278e+03 5.231898802850562788e+03 2.787354063081362710e+03 1.902021689385754598e+03 2.043091993673466050e+03 2.387325784858670431e+03 2.478316453756664487e+03 2.483606039548978060e+03 2.440836996346116393e+03 2.328263600237571154e+03 2.142909600676448008e+03 1.934749503616143329e+03 1.765120264461957277e+03
6.521569070972323971e+04 6.147105723062949983e+04 4.244510433782284963e+04 2.878044292714373660e+04 2.180089985814635656e+04 1.736388583693599139e+04 1.282755622041127026e+04 8.408686685263341133e+03 5.185411281959933149e+03 3.262773386991724692e+03 2.043091993673466050e+03 1.504635119162547426e+03 1.621344967784343680e+03 1.952550577725655103e+03 2.046215896809235574e+03 2.030611169871072207e+03 1.966970316467947214e+03 1.861170017684745972e+03 1.719209027130864570e+03 1.570611525308128421e+03
5.356715777360295033e+04 4.940561574634811404e+04 3.396879073290211090e+04 2.354055772848210108e+04 1.863686259717576104e+04 1.562190242680832671e+04 1.199763157151950327e+04 7.999598949603730034e+03 4.991242146351980409e+03 3.297213969628296127e+03 2.387325784858670431e+03 1.621344967784343680e+03 1.165225873048470248e+03 1.268868381410783286e+03 1.567103583951949304e+03 1.623320529904673322e+03 1.585009265934677842e+03 1.522826864014187322e+03 1.445928378712986159e+03 1.350170204139640646e+03
7.017325779659315594e+04 5.700833991155007971e+04 3.445138713123368507e+04 2.174159905220899964e+04 1.651236217015921648e+04 1.392561570387199390e+04 1.105569764493524599e+04 7.631343712596115438e+03 4.860434637033592480e+03 3.263750078432168721e+03 2.478316453756664487e+03 1.952550577725655103e+03 1.268868381410783286e+03 8.479898843060958598e+02 9.266557358063287211e+02 1.138841636732481675e+03 1.159370421114165083e+03 1.124467601951945653e+03 1.086739953978580843e+03 1.044804128479248675e+03
9.048012694620639377e+04 7.005673614662022737e+04 3.917744297464134434e+04 2.250273856479308597e+04 1.573315997628274454e+04 1.267335431653043815e+04 1.004418881651044649e+04 7.133854096045843107e+03 4.701258111996693515e+03 3.224802927601309420e+03 2.483606039548978060e+03 2.046215896809235574e+03 1.567103583951949304e+03 9.266557358063287211e+02 5.967210114864121806e+02 6.456335968783444059e+02 7.683966090916020448e+02 7.763246373684354467e+02 7.606574745722904254e+02 7.472921882835747738e+02
9.048492620169495058e+04 7.160723112081842555e+04 4.049451691269117146e+04 2.296428674249674805e+04 1.545149424824396010e+04 1.186937938453862625e+04 9.119835484361319686e+03 6.485882700459911575e+03 4.394241784049240778e+03 3.112720964960709807e+03 2.440836996346116393e+03 2.030611169871072207e+03 1.623320529904673322e+03 1.138841636732481675e+03 6.456335968783444059e+02 4.336942759644332455e+02 4.617022125297883122e+02 5.305776559553024754e+02 5.412619764897370942e+02 5.411662991928465090e+02
6.869918667597058811e+04 5.764077864531028899e+04 3.498297777842143114e+04 2.107110158879204027e+04 1.462138811030568650e+04 1.118219773543827068e+04 8.372043550301425057e+03 5.829928659423831959e+03 3.964578495106433820e+03 2.883351186424895786e+03 2.328263600237571154e+03 1.966970316467947214e+03 1.585009265934677842e+03 1.159370421114165083e+03 7.683966090916020448e+02 4.617022125297883122e+02 3.391563239906228659e+02 3.572243713712913404e+02 4.064608597379046842e+02 4.228431141626174394e+02
4.056175466349036287e+04 3.783755786431898014e+04 2.575520542506388665e+04 1.721488328060487402e+04 1.291766039096330314e+04 1.030296034486261669e+04 7.751347079913481139e+03 5.299439533648508586e+03 3.544106834491372410e+03 2.589135978014276134e+03 2.142909600676448008e+03 1.861170017684745972e+03 1.522826864014187322e+03 1.124467601951945653e+03 7.763246373684354467e+02 5.305776559553024754e+02 3.572243713712913404e+02 2.799623844158343786e+02 2.950584917998183982e+02 3.423818617047322732e+02
2.595018328776235649e+04 2.588031310755617596e+04 1.895893627925682813e+04 1.362940845600343891e+04 1.095432764080112247e+04 9.235944208956849252e+03 7.172341949990127432e+03 4.920051428988085718e+03 3.237682222432216804e+03 2.329570477275620306e+03 1.934749503616143329e+03 1.719209027130864570e+03 1.445928378712986159e+03 1.086739953978580843e+03 7.606574745722904254e+02 5.412619764897370942e+02 4.064608597379046842e+02 2.950584917998183982e+02 2.309456404955657547e+02 2.455043887900816344e+02
3.189895018302325479e+04 2.773369861523851068e+04 1.808162671119767765e+04 1.216629279205787861e+04 9.613682917062380511e+03 8.246771692417647500e+03 6.598219134230656891e+03 4.625326897065308913e+03 3.048256009811799686e+03 2.159413926287088088e+03 1.765120264461957277e+03 1.570611525308128421e+03 1.350170204139640646e+03 1.044804128479248675e+03 7.472921882835747738e+02 5.411662991928465090e+02 4.228431141626174394e+02 3.423818617047322732e+02 2.455043887900816344e+02 1.835546003736863270e+02
