-5.944256918088014936e+05 -5.155863669702438638e+05 -3.523548444367286866e+05 -2.215992368652096775e+05 -1.314073773207728227e+05 -6.102891440826115286e+04 2.658441554645910401e+02 4.928212271769136714e+04 8.254521289036486996e+04 1.044003480204940861e+05 1.218962176023587963e+05 1.374214273119246063e+05 1.479986131963521475e+05 1.503214166679685295e+05 1.452837583967252867e+05 1.374160758059457294e+05 1.308777354574678902e+05 1.266179085672507063e+05 1.228312348208065232e+05 1.172606674379110627e+05
-5.155863669702438638e+05 -3.845946973441403243e+05 -2.607696994994223642e+05 -1.663383675676551356e+05 -9.877660243093255849e+04 -4.456653397485902678e+04 2.908513736201779921e+03 4.083714029755404772e+04 6.713440301033492142e+04 8.514587300181426690e+04 9.957798678962088889e+04 1.118683717876853771e+05 1.199920072134641814e+05 1.220542329629158921e+05 1.189895098408862541e+05 1.136977069946935953e+05 1.087233596936643444e+05 1.048687337500392459e+05 1.012640235549465724e+05 9.670199732198446873e+04
-3.523548444367286866e+05 -2.607696994994223642e+05 -1.337815769467694336e+05 -8.424339062480579014e+04 -5.005991090608605009e+04 -2.076581389230301647e+04 5.051079251403649323e+03 2.538403632004780229e+04 3.969728023703218059e+04 5.016757026505510294e+04 5.892128675136417587e+04 6.612791206088494800e+04 7.056210659348838089e+04 7.162068459882865136e+04 7.028526262291763851e+04 6.804582883976944140e+04 6.574298487745491730e+04 6.349326908389788878e+04 6.101622083464232855e+04 5.809577516213063063e+04
-2.215992368652096775e+05 -1.663383675676551356e+05 -8.424339062480579014e+04 -3.739509127617051854e+04 -2.151353180537798107e+04 -7.073343239265183001e+03 6.353010218184070254e+03 1.663730166155069310e+04 2.385339382621920959e+04 2.959682999387372183e+04 3.488691797013306496e+04 3.929483571061563998e+04 4.179748330926038034e+04 4.220874903874554002e+04 4.147578937484933704e+04 4.061182446755508863e+04 3.983891575027703948e+04 3.882332506433100934e+04 3.728414182632358279e+04 3.533479884489310643e+04
-1.314073773207728227e+05 -9.877660243093255849e+04 -5.005991090608605009e+04 -2.151353180537798107e+04 -6.181387956704894350e+03 6.486321070376516218e+02 7.632798735204973127e+03 1.311410839378842502e+04 1.691063824306289825e+04 2.025740733661895501e+04 2.380679621477247201e+04 2.699560993939194668e+04 2.879861898813458538e+04 2.899511400963227425e+04 2.841670902368081806e+04 2.797668294426573993e+04 2.784110491022454153e+04 2.755196393443768466e+04 2.666885468567991848e+04 2.525276266115488761e+04
-6.102891440826115286e+04 -4.456653397485902678e+04 -2.076581389230301647e+04 -7.073343239265183001e+03 6.486321070376516218e+02 6.580840499817812088e+03 9.171980757283969069e+03 1.150750912155920378e+04 1.332541211107389245e+04 1.522629286752452390e+04 1.763485120214588096e+04 2.006789846790219235e+04 2.159100705276752706e+04 2.183962620072200662e+04 2.139026248715478141e+04 2.105922555773702697e+04 2.111912424768543860e+04 2.122309188473997347e+04 2.086864245401610970e+04 1.993055018773819393e+04
2.658441554645910401e+02 2.908513736201779921e+03 5.051079251403649323e+03 6.353010218184070254e+03 7.632798735204973127e+03 9.171980757283969069e+03 1.047736831939698095e+04 9.982418247639538095e+03 1.021058756295048443e+04 1.105724411697558935e+04 1.247350769140682496e+04 1.409567563847913334e+04 1.526614137166851833e+04 1.562169203879130146e+04 1.541514294445715132e+04 1.518591989663170898e+04 1.523604800229736247e+04 1.543951933001027828e+04 1.543664431214682372e+04 1.500475414868669213e+04
4.928212271769136714e+04 4.083714029755404772e+04 2.538403632004780229e+04 1.663730166155069310e+04 1.311410839378842502e+04 1.150750912155920378e+04 9.982418247639538095e+03 8.514566949109852430e+03 7.260818860963505358e+03 7.324592009053602851e+03 8.014724877201858362e+03 8.896176061366790236e+03 9.598951135991712363e+03 9.923706645409689372e+03 9.945762623485057702e+03 9.885667224804899888e+03 9.916320913352301432e+03 1.004865501241809216e+04 1.014301322694140072e+04 1.004938361959872600e+04
8.254521289036486996e+04 6.713440301033492142e+04 3.969728023703218059e+04 2.385339382621920959e+04 1.691063824306289825e+04 1.332541211107389245e+04 1.021058756295048443e+04 7.260818860963505358e+03 5.381773774201328706e+03 4.681217134771067322e+03 4.929517646198442890e+03 5.377486868827495528e+03 5.725208856854867008e+03 5.922945879196865462e+03 6.032372353025454686e+03 6.111501009269856695e+03 6.184254289630606763e+03 6.258437833800912813e+03 6.320317643256748852e+03 6.336403241599488865e+03
1.044003480204940861e+05 8.514587300181426690e+04 5.016757026505510294e+04 2.959682999387372183e+04 2.025740733661895501e+04 1.522629286752452390e+04 1.105724411697558935e+04 7.324592009053602851e+03 4.681217134771067322e+03 3.419103820900214942e+03 3.190677281500345089e+03 3.424058946886202193e+03 3.618447418236350586e+03 3.721513933526079200e+03 3.825863454746059688e+03 3.965234503125810988e+03 4.098871199856323983e+03 4.183743609742385161e+03 4.221643599845045173e+03 4.242902026175598621e+03
1.218962176023587963e+05 9.957798678962088889e+04 5.892128675136417587e+04 3.488691797013306496e+04 2.380679621477247201e+04 1.763485120214588096e+04 1.247350769140682496e+04 8.014724877201858362e+03 4.929517646198442890e+03 3.190677281500345089e+03 2.442384665328577285e+03 2.362874280425837242e+03 2.499706283128735322e+03 2.587266374994075704e+03 2.676224958106114627e+03 2.824712460014779936e+03 3.000121480709231946e+03 3.133638365764012178e+03 3.194634761558826540e+03 3.215184119859593920e+03
1.374214273119246063e+05 1.118683717876853771e+05 6.612791206088494800e+04 3.929483571061563998e+04 2.699560993939194668e+04 2.006789846790219235e+04 1.409567563847913334e+04 8.896176061366790236e+03 5.377486868827495528e+03 3.424058946886202193e+03 2.362874280425837242e+03 1.814189301588312674e+03 1.736265236824285466e+03 1.840743375628574313e+03 1.948688367039269906e+03 2.089210295628045060e+03 2.269999110885754362e+03 2.442553326462105815e+03 2.555455020555059946e+03 2.605801835024497450e+03
1.479986131963521475e+05 1.199920072134641814e+05 7.056210659348838089e+04 4.179748330926038034e+04 2.879861898813458538e+04 2.159100705276752706e+04 1.526614137166851833e+04 9.598951135991712363e+03 5.725208856854867008e+03 3.618447418236350586e+03 2.499706283128735322e+03 1.736265236824285466e+03 1.220373083144692828e+03 1.167282976048224782e+03 1.307207325505700055e+03 1.454436985596920522e+03 1.612156063606596945e+03 1.779009245865206367e+03 1.924056260258455040e+03 2.020751358764834549e+03
1.503214166679685295e+05 1.220542329629158921e+05 7.162068459882865136e+04 4.220874903874554002e+04 2.899511400963227425e+04 2.183962620072200662e+04 1.562169203879130146e+04 9.923706645409689372e+03 5.922945879196865462e+03 3.721513933526079200e+03 2.587266374994075704e+03 1.840743375628574313e+03 1.167282976048224782e+03 7.106070463213311541e+02 7.224321008998379057e+02 8.819980494220429819e+02 1.024668346527436370e+03 1.157221973274012953e+03 1.289007276532054220e+03 1.406411589852453517e+03
1.452837583967252867e+05 1.189895098408862541e+05 7.028526262291763851e+04 4.147578937484933704e+04 2.841670902368081806e+04 2.139026248715478141e+04 1.541514294445715132e+04 9.945762623485057702e+03 6.032372353025454686e+03 3.825863454746059688e+03 2.676224958106114627e+03 1.948688367039269906e+03 1.307207325505700055e+03 7.224321008998379057e+02 3.890648069618261502e+02 4.404971715708292663e+02 5.795737611021436351e+02 6.927334589843169397e+02 7.949928465541854621e+02 8.996666588104427547e+02
1.374160758059457294e+05 1.136977069946935953e+05 6.804582883976944140e+04 4.061182446755508863e+04 2.797668294426573993e+04 2.105922555773702697e+04 1.518591989663170898e+04 9.885667224804899888e+03 6.111501009269856695e+03 3.965234503125810988e+03 2.824712460014779936e+03 2.089210295628045060e+03 1.454436985596920522e+03 8.819980494220429819e+02 4.404971715708292663e+02 2.261415199512018148e+02 2.824999631219046705e+02 3.931182429336232644e+02 4.847021867129020620e+02 5.711042479427194394e+02
1.308777354574678902e+05 1.087233596936643444e+05 6.574298487745491730e+04 3.983891575027703948e+04 2.784110491022454153e+04 2.111912424768543860e+04 1.523604800229736247e+04 9.916320913352301432e+03 6.184254289630606763e+03 4.098871199856323983e+03 3.000121480709231946e+03 2.269999110885754362e+03 1.612156063606596945e+03 1.024668346527436370e+03 5.795737611021436351e+02 2.824999631219046705e+02 1.443274015002737372e+02 1.955649303549747344e+02 2.914717255782247776e+02 3.758895933959863669e+02
1.266179085672507063e+05 1.048687337500392459e+05 6.349326908389788878e+04 3.882332506433100934e+04 2.755196393443768466e+04 2.122309188473997347e+04 1.543951933001027828e+04 1.004865501241809216e+04 6.258437833800912813e+03 4.183743609742385161e+03 3.133638365764012178e+03 2.442553326462105815e+03 1.779009245865206367e+03 1.157221973274012953e+03 6.927334589843169397e+02 3.931182429336232644e+02 1.955649303549747344e+02 9.528867806319769329e+01 1.459176804403014955e+02 2.387164969310362039e+02
1.228312348208065232e+05 1.012640235549465724e+05 6.101622083464232855e+04 3.728414182632358279e+04 2.666885468567991848e+04 2.086864245401610970e+04 1.543664431214682372e+04 1.014301322694140072e+04 6.320317643256748852e+03 4.221643599845045173e+03 3.194634761558826540e+03 2.555455020555059946e+03 1.924056260258455040e+03 1.289007276532054220e+03 7.949928465541854621e+02 4.847021867129020620e+02 2.914717255782247776e+02 1.459176804403014955e+02 6.298624553073158694e+01 1.162120468074874111e+02
1.172606674379110627e+05 9.670199732198446873e+04 5.809577516213063063e+04 3.533479884489310643e+04 2.525276266115488761e+04 1.993055018773819393e+04 1.500475414868669213e+04 1.004938361959872600e+04 6.336403241599488865e+03 4.242902026175598621e+03 3.215184119859593920e+03 2.605801835024497450e+03 2.020751358764834549e+03 1.406411589852453517e+03 8.996666588104427547e+02 5.711042479427194394e+02 3.758895933959863669e+02 2.387164969310362039e+02 1.162120468074874111e+02 4.514159623242781549e+01
