-7.066193583024524560e+04 -6.679724791515788820e+04 -4.865110449945296568e+04 -3.384775498131773202e+04 -2.422045593345152884e+04 -1.693166721051483546e+04 -1.011205599838272974e+04 -3.980997435100555776e+03 6.229105732753474740e+02 3.689991155947068819e+03 5.866521523368558519e+03 7.632916553706523700e+03 9.005135631183538862e+03 9.795822792401808329e+03 9.984502528891440306e+03 9.813729898106568726e+03 9.577176039205374764e+03 9.381852825041287360e+03 9.170662905166704149e+03 8.837203340533369555e+03
-6.679724791515788820e+04 -4.745855141474369884e+04 -3.456817021424698032e+04 -2.478037804172300821e+04 -1.814847580909950557e+04 -1.286016682121960548e+04 -7.706199628234304328e+03 -2.988327335497215245e+03 6.118821930785755967e+02 3.060958102967576906e+03 4.811954935070190913e+03 6.216934277360925989e+03 7.301807601383760812e+03 7.951398961068844073e+03 8.162149971391536383e+03 8.089311483507715820e+03 7.919533985992382441e+03 7.745850015693276873e+03 7.552635222577821878e+03 7.286246757350355438e+03
-4.865110449945296568e+04 -3.456817021424698032e+04 -1.760944216019801024e+04 -1.233785115331694578e+04 -9.381301587889378425e+03 -6.780950689513325415e+03 -4.061118133231054344e+03 -1.513716900913615291e+03 4.603750393575834323e+02 1.845552683524817667e+03 2.865789889703033623e+03 3.680608375750265623e+03 4.293351485612291981e+03 4.660529150982518331e+03 4.807953449323758832e+03 4.817945999642355673e+03 4.760281006858217552e+03 4.666816138925149971e+03 4.538850131386559042e+03 4.371452696254358671e+03
-3.384775498131773202e+04 -2.478037804172300821e+04 -1.233785115331694578e+04 -5.858540720489077103e+03 -4.431340655048172266e+03 -3.347830238551425737e+03 -1.998553377075369326e+03 -6.753687835347155897e+02 3.646714723092123904e+02 1.121441774883514427e+03 1.711471830134833908e+03 2.192705339164042016e+03 2.542173246386993924e+03 2.740501605561396445e+03 2.826719894013893281e+03 2.860529800727460042e+03 2.866532456925475344e+03 2.836524899075585836e+03 2.760931577490777727e+03 2.650101398712626178e+03
-2.422045593345152884e+04 -1.814847580909950557e+04 -9.381301587889378425e+03 -4.431340655048172266e+03 -2.145978540010180495e+03 -1.619402940063265305e+03 -9.793103105459719018e+02 -2.495494959477239831e+02 3.460782207381533908e+02 7.987985364759008462e+02 1.180483644663782115e+03 1.510799728554750118e+03 1.749832136375927803e+03 1.875695140349372195e+03 1.926748476381300634e+03 1.959152621211064343e+03 1.990794720134246973e+03 2.000027829199484131e+03 1.962388297213130272e+03 1.882823427784923979e+03
-1.693166721051483546e+04 -1.286016682121960548e+04 -6.780950689513325415e+03 -3.347830238551425737e+03 -1.619402940063265305e+03 -6.234559456802965087e+02 -3.206617220230603493e+02 3.100346981306162064e+01 3.626034614221965171e+02 6.347519109804708251e+02 8.874851691421413307e+02 1.126917493500267028e+03 1.310004228879629181e+03 1.406142584824860705e+03 1.440828359282102838e+03 1.464851834281615311e+03 1.500800461901869085e+03 1.531065890942712031e+03 1.524907250150957225e+03 1.474452548015472757e+03
-1.011205599838272974e+04 -7.706199628234304328e+03 -4.061118133231054344e+03 -1.998553377075369326e+03 -9.793103105459719018e+02 -3.206617220230603493e+02 1.280420299223906966e+02 2.340627014143438487e+02 3.594461872405093459e+02 4.946647074174328509e+02 6.406547671710835630e+02 7.947849111416471715e+02 9.243734901750279960e+02 1.000176746635850918e+03 1.030125191348123508e+03 1.047561823429130982e+03 1.074989832378932306e+03 1.106846183767757793e+03 1.120269128827218537e+03 1.100680545687346466e+03
-3.980997435100555776e+03 -2.988327335497215245e+03 -1.513716900913615291e+03 -6.753687835347155897e+02 -2.495494959477239831e+02 3.100346981306162064e+01 2.340627014143438487e+02 3.325519670386279358e+02 3.184332104199071409e+02 3.546398926185999017e+02 4.222490390349571499e+02 5.041684268180835033e+02 5.798341346332088051e+02 6.316091068558573625e+02 6.590173834747574801e+02 6.754370364807620035e+02 6.936233490890731446e+02 7.153777348210268201e+02 7.314024728820353403e+02 7.315832564859448439e+02
6.229105732753474740e+02 6.118821930785755967e+02 4.603750393575834323e+02 3.646714723092123904e+02 3.460782207381533908e+02 3.626034614221965171e+02 3.594461872405093459e+02 3.184332104199071409e+02 2.750724309870836350e+02 2.467636379409998142e+02 2.676661882004257791e+02 3.066494089573210431e+02 3.448746951733539845e+02 3.746529403105330971e+02 3.963574251833309177e+02 4.133774666578881352e+02 4.282123673975717111e+02 4.417550359527677983e+02 4.526269638812518110e+02 4.581884616675155257e+02
3.689991155947068819e+03 3.060958102967576906e+03 1.845552683524817667e+03 1.121441774883514427e+03 7.987985364759008462e+02 6.347519109804708251e+02 4.946647074174328509e+02 3.546398926185999017e+02 2.467636379409998142e+02 1.940729816193395152e+02 1.807279104637881630e+02 1.974018271243267577e+02 2.176139864900645478e+02 2.340039434972338483e+02 2.494026342143334602e+02 2.656606637835258766e+02 2.808502499110404642e+02 2.923682922475950932e+02 2.998237106801631739e+02 3.047022415400850832e+02
5.866521523368558519e+03 4.811954935070190913e+03 2.865789889703033623e+03 1.711471830134833908e+03 1.180483644663782115e+03 8.874851691421413307e+02 6.406547671710835630e+02 4.222490390349571499e+02 2.676661882004257791e+02 1.807279104637881630e+02 1.449200205723190606e+02 1.395019073770588420e+02 1.508184959079647456e+02 1.619465177179558566e+02 1.731840222558800804e+02 1.875895765275332394e+02 2.035195884168063856e+02 2.166649867859267147e+02 2.245948240516226804e+02 2.289267585416597228e+02
7.632916553706523700e+03 6.216934277360925989e+03 3.680608375750265623e+03 2.192705339164042016e+03 1.510799728554750118e+03 1.126917493500267028e+03 7.947849111416471715e+02 5.041684268180835033e+02 3.066494089573210431e+02 1.974018271243267577e+02 1.395019073770588420e+02 1.105771370559378397e+02 1.061805155193488872e+02 1.151261612974871724e+02 1.252925975499897788e+02 1.375794507758375573e+02 1.525574899044437700e+02 1.671601315145292119e+02 1.776958934148295555e+02 1.835780866564478799e+02
9.005135631183538862e+03 7.301807601383760812e+03 4.293351485612291981e+03 2.542173246386993924e+03 1.749832136375927803e+03 1.310004228879629181e+03 9.243734901750279960e+02 5.798341346332088051e+02 3.448746951733539845e+02 2.176139864900645478e+02 1.508184959079647456e+02 1.061805155193488872e+02 7.621960037351496453e+01 7.359600225761977299e+01 8.380542156776571971e+01 9.509929565102554250e+01 1.074921835731827002e+02 1.207550748161228853e+02 1.325646112127972174e+02 1.409042365281359253e+02
9.795822792401808329e+03 7.951398961068844073e+03 4.660529150982518331e+03 2.740501605561396445e+03 1.875695140349372195e+03 1.406142584824860705e+03 1.000176746635850918e+03 6.316091068558573625e+02 3.746529403105330971e+02 2.340039434972338483e+02 1.619465177179558566e+02 1.151261612974871724e+02 7.359600225761977299e+01 4.540885632707330899e+01 4.660937476144697200e+01 5.749530238952556260e+01 6.795336252979632263e+01 7.816597063120883604e+01 8.835129729967340495e+01 9.738824802959135241e+01
9.984502528891440306e+03 8.162149971391536383e+03 4.807953449323758832e+03 2.826719894013893281e+03 1.926748476381300634e+03 1.440828359282102838e+03 1.030125191348123508e+03 6.590173834747574801e+02 3.963574251833309177e+02 2.494026342143334602e+02 1.731840222558800804e+02 1.252925975499897788e+02 8.380542156776571971e+01 4.660937476144697200e+01 2.542473171152387934e+01 2.896736814110603575e+01 3.845203710152081555e+01 4.676807497180204365e+01 5.448307959436894521e+01 6.218776468261681600e+01
9.813729898106568726e+03 8.089311483507715820e+03 4.817945999642355673e+03 2.860529800727460042e+03 1.959152621211064343e+03 1.464851834281615311e+03 1.047561823429130982e+03 6.754370364807620035e+02 4.133774666578881352e+02 2.656606637835258766e+02 1.875895765275332394e+02 1.375794507758375573e+02 9.509929565102554250e+01 5.749530238952556260e+01 2.896736814110603575e+01 1.523385933367663192e+01 1.909056546616720595e+01 2.676787845451342562e+01 3.340826010610832952e+01 3.962156273826015962e+01
9.577176039205374764e+03 7.919533985992382441e+03 4.760281006858217552e+03 2.866532456925475344e+03 1.990794720134246973e+03 1.500800461901869085e+03 1.074989832378932306e+03 6.936233490890731446e+02 4.282123673975717111e+02 2.808502499110404642e+02 2.035195884168063856e+02 1.525574899044437700e+02 1.074921835731827002e+02 6.795336252979632263e+01 3.845203710152081555e+01 1.909056546616720595e+01 1.021129534837056774e+01 1.377155364802866799e+01 2.039451347015379667e+01 2.626963506230372758e+01
9.381852825041287360e+03 7.745850015693276873e+03 4.666816138925149971e+03 2.836524899075585836e+03 2.000027829199484131e+03 1.531065890942712031e+03 1.106846183767757793e+03 7.153777348210268201e+02 4.417550359527677983e+02 2.923682922475950932e+02 2.166649867859267147e+02 1.671601315145292119e+02 1.207550748161228853e+02 7.816597063120883604e+01 4.676807497180204365e+01 2.676787845451342562e+01 1.377155364802866799e+01 7.279819255854456550e+00 1.074449949263581949e+01 1.696713806726560847e+01
9.170662905166704149e+03 7.552635222577821878e+03 4.538850131386559042e+03 2.760931577490777727e+03 1.962388297213130272e+03 1.524907250150957225e+03 1.120269128827218537e+03 7.314024728820353403e+02 4.526269638812518110e+02 2.998237106801631739e+02 2.245948240516226804e+02 1.776958934148295555e+02 1.325646112127972174e+02 8.835129729967340495e+01 5.448307959436894521e+01 3.340826010610832952e+01 2.039451347015379667e+01 1.074449949263581949e+01 5.329260859028927655e+00 8.842747521761786800e+00
8.837203340533369555e+03 7.286246757350355438e+03 4.371452696254358671e+03 2.650101398712626178e+03 1.882823427784923979e+03 1.474452548015472757e+03 1.100680545687346466e+03 7.315832564859448439e+02 4.581884616675155257e+02 3.047022415400850832e+02 2.289267585416597228e+02 1.835780866564478799e+02 1.409042365281359253e+02 9.738824802959135241e+01 6.218776468261681600e+01 3.962156273826015962e+01 2.626963506230372758e+01 1.696713806726560847e+01 8.842747521761786800e+00 4.171971139623292579e+00
