-1.101183371890524402e+06 -6.196062077858014964e+05 -2.577452572799450427e+05 -6.601712461002253985e+04 6.890551021045941161e+04 1.690028831864156527e+05 2.325265836828253232e+05 2.540343096938313683e+05 2.453112305380385951e+05 2.268550789269774687e+05 2.110780985974816140e+05 1.983248982364979747e+05 1.837614596796948463e+05 1.650422036244083720e+05 1.444584752025485795e+05 1.261892897381312214e+05 1.127549281788392109e+05 1.036749164282553247e+05 9.671421868612171966e+04 8.977443743329220160e+04
-6.196062077858014964e+05 -4.375346794227820355e+05 -1.737583074882625369e+05 -3.391098544818686059e+04 5.537676886423204996e+04 1.264789308693173225e+05 1.744695795730279933e+05 1.951001990684815682e+05 1.949717893415630097e+05 1.852938002847146709e+05 1.738280735393956420e+05 1.629510402320043358e+05 1.516303985267067037e+05 1.386904862293375772e+05 1.243887684742060082e+05 1.102120871086715051e+05 9.798366586944108712e+04 8.869291025619446009e+04 8.192873676746094134e+04 7.644023358198207279e+04
-2.577452572799450427e+05 -1.737583074882625369e+05 -7.098035475222440436e+04 -7.150245370334465406e+03 3.399108012154928292e+04 6.726776721708917466e+04 9.163588027202377270e+04 1.042535037462738110e+05 1.083990288906692440e+05 1.078750469665580604e+05 1.041828764899188536e+05 9.822749719785440539e+04 9.128275709955966158e+04 8.440934149395448912e+04 7.778765077648875013e+04 7.092138187402657059e+04 6.371973291484923539e+04 5.696923148903849506e+04 5.159282883569473779e+04 4.779883608300890046e+04
-6.601712461002253985e+04 -3.391098544818686059e+04 -7.150245370334465406e+03 7.964373967053665183e+03 2.071914470900595188e+04 3.548826341221775510e+04 4.692149991739840334e+04 5.385531842095571483e+04 5.797369696625086362e+04 6.083425677001283475e+04 6.176482353261818935e+04 5.985063998907156201e+04 5.592542048092105688e+04 5.184008585953043803e+04 4.857230338290469081e+04 4.562649416347701481e+04 4.207709229708656494e+04 3.783381276255872945e+04 3.375411925300034636e+04 3.071938143211824718e+04
6.890551021045941161e+04 5.537676886423204996e+04 3.399108012154928292e+04 2.071914470900595188e+04 1.754166793300717472e+04 2.045321086253641988e+04 2.666579663867507770e+04 3.106379500567405557e+04 3.457380474065607268e+04 3.807011066202762595e+04 4.093313170968728082e+04 4.173449592693235172e+04 4.017404762863669748e+04 3.756382221593801660e+04 3.533052521798978705e+04 3.369446014665425901e+04 3.191573250750716761e+04 2.939645011150801656e+04 2.639354692451491064e+04 2.371598269671146772e+04
1.690028831864156527e+05 1.264789308693173225e+05 6.726776721708917466e+04 3.548826341221775510e+04 2.045321086253641988e+04 1.489931898392879521e+04 1.493746658470934926e+04 1.837122424405691709e+04 2.157517788576487874e+04 2.494355904169697533e+04 2.824722988389071907e+04 3.056246103890272934e+04 3.108454684058132261e+04 3.004668020258941033e+04 2.848375383974464785e+04 2.716553294007051954e+04 2.603644374423507907e+04 2.460918289080030445e+04 2.266717828739660035e+04 2.052744477230403936e+04
2.325265836828253232e+05 1.744695795730279933e+05 9.163588027202377270e+04 4.692149991739840334e+04 2.666579663867507770e+04 1.493746658470934926e+04 9.295754036668869958e+03 9.035183238608244210e+03 1.197350434962186591e+04 1.492413562413447653e+04 1.777331525080000574e+04 2.024813166552122129e+04 2.191899328405436972e+04 2.245887668230995041e+04 2.199514463813259499e+04 2.106586481887338232e+04 2.012884501692551930e+04 1.923180088322847587e+04 1.818927519884332287e+04 1.690421976436217665e+04
2.540343096938313683e+05 1.951001990684815682e+05 1.042535037462738110e+05 5.385531842095571483e+04 3.106379500567405557e+04 1.837122424405691709e+04 9.035183238608244210e+03 4.800056238206835587e+03 5.151891349791834728e+03 7.546481672569759212e+03 9.675968437774394260e+03 1.152782244154791988e+04 1.313429886333371905e+04 1.435264311911725054e+04 1.489036726797954361e+04 1.468143824936458986e+04 1.404373892854074438e+04 1.336183833798812157e+04 1.277971635277692258e+04 1.219913060655586560e+04
2.453112305380385951e+05 1.949717893415630097e+05 1.083990288906692440e+05 5.797369696625086362e+04 3.457380474065607268e+04 2.157517788576487874e+04 1.197350434962186591e+04 5.151891349791834728e+03 2.653738272483592482e+03 3.188315280020030968e+03 4.783248555430241140e+03 6.067270129410958361e+03 7.197318993727247289e+03 8.277741557718123659e+03 9.142423762751172035e+03 9.505521449220288559e+03 9.322648451511286112e+03 8.867547907426023812e+03 8.453545265403998201e+03 8.169936429197608049e+03
2.268550789269774687e+05 1.852938002847146709e+05 1.078750469665580604e+05 6.083425677001283475e+04 3.807011066202762595e+04 2.494355904169697533e+04 1.492413562413447653e+04 7.546481672569759212e+03 3.188315280020030968e+03 1.808032009558156460e+03 2.235116653498395408e+03 3.268207695362019422e+03 4.104858807435532071e+03 4.909857657070499954e+03 5.693367564782489353e+03 6.269395602397786206e+03 6.453028550881234878e+03 6.281010060474101920e+03 5.990669949067664675e+03 5.779440536258910470e+03
2.110780985974816140e+05 1.738280735393956420e+05 1.041828764899188536e+05 6.176482353261818935e+04 4.093313170968728082e+04 2.824722988389071907e+04 1.777331525080000574e+04 9.675968437774394260e+03 4.783248555430241140e+03 2.235116653498395408e+03 1.422815708734344298e+03 1.749432613932675622e+03 2.520899125839031058e+03 3.193093211394255832e+03 3.849077224122542248e+03 4.437418526017159820e+03 4.821085649071406806e+03 4.915587104622759398e+03 4.796679952098064859e+03 4.631932987467911516e+03
1.983248982364979747e+05 1.629510402320043358e+05 9.822749719785440539e+04 5.985063998907156201e+04 4.173449592693235172e+04 3.056246103890272934e+04 2.024813166552122129e+04 1.152782244154791988e+04 6.067270129410958361e+03 3.268207695362019422e+03 1.749432613932675622e+03 1.189146719265060483e+03 1.460320975679988578e+03 2.104796377651153762e+03 2.682686622825858649e+03 3.213940713051977582e+03 3.652132308530087357e+03 3.926562506569279321e+03 4.010440894489044240e+03 3.958759002405930914e+03
1.837614596796948463e+05 1.516303985267067037e+05 9.128275709955966158e+04 5.592542048092105688e+04 4.017404762863669748e+04 3.108454684058132261e+04 2.191899328405436972e+04 1.313429886333371905e+04 7.197318993727247289e+03 4.104858807435532071e+03 2.520899125839031058e+03 1.460320975679988578e+03 1.001073301828894841e+03 1.217544000042280231e+03 1.728517693513556651e+03 2.176647242520015425e+03 2.564923644955146756e+03 2.879439600459656504e+03 3.096395452495521113e+03 3.194203472268074165e+03
1.650422036244083720e+05 1.386904862293375772e+05 8.440934149395448912e+04 5.184008585953043803e+04 3.756382221593801660e+04 3.004668020258941033e+04 2.245887668230995041e+04 1.435264311911725054e+04 8.277741557718123659e+03 4.909857657070499954e+03 3.193093211394255832e+03 2.104796377651153762e+03 1.217544000042280231e+03 8.212108852626744238e+02 9.665348379628951534e+02 1.319692493023652332e+03 1.618988330719892929e+03 1.874543939268552776e+03 2.097229202680544859e+03 2.272521653772378158e+03
1.444584752025485795e+05 1.243887684742060082e+05 7.778765077648875013e+04 4.857230338290469081e+04 3.533052521798978705e+04 2.848375383974464785e+04 2.199514463813259499e+04 1.489036726797954361e+04 9.142423762751172035e+03 5.693367564782489353e+03 3.849077224122542248e+03 2.682686622825858649e+03 1.728517693513556651e+03 9.665348379628951534e+02 6.528592109392280918e+02 7.380727549680008224e+02 9.605026360043963223e+02 1.145347098497651814e+03 1.312607359016958299e+03 1.474294299970049224e+03
1.261892897381312214e+05 1.102120871086715051e+05 7.092138187402657059e+04 4.562649416347701481e+04 3.369446014665425901e+04 2.716553294007051954e+04 2.106586481887338232e+04 1.468143824936458986e+04 9.505521449220288559e+03 6.269395602397786206e+03 4.437418526017159820e+03 3.213940713051977582e+03 2.176647242520015425e+03 1.319692493023652332e+03 7.380727549680008224e+02 5.202567526531884141e+02 5.721951869960672639e+02 7.152668566150266543e+02 8.377945955379889256e+02 9.600129235346070118e+02
1.127549281788392109e+05 9.798366586944108712e+04 6.371973291484923539e+04 4.207709229708656494e+04 3.191573250750716761e+04 2.603644374423507907e+04 2.012884501692551930e+04 1.404373892854074438e+04 9.322648451511286112e+03 6.453028550881234878e+03 4.821085649071406806e+03 3.652132308530087357e+03 2.564923644955146756e+03 1.618988330719892929e+03 9.605026360043963223e+02 5.721951869960672639e+02 4.304065033677654242e+02 4.669411432254128727e+02 5.712371878913634191e+02 6.680706823641819483e+02
1.036749164282553247e+05 8.869291025619446009e+04 5.696923148903849506e+04 3.783381276255872945e+04 2.939645011150801656e+04 2.460918289080030445e+04 1.923180088322847587e+04 1.336183833798812157e+04 8.867547907426023812e+03 6.281010060474101920e+03 4.915587104622759398e+03 3.926562506569279321e+03 2.879439600459656504e+03 1.874543939268552776e+03 1.145347098497651814e+03 7.152668566150266543e+02 4.669411432254128727e+02 3.677279807862509529e+02 3.958407659521396340e+02 4.825698515513490747e+02
9.671421868612171966e+04 8.192873676746094134e+04 5.159282883569473779e+04 3.375411925300034636e+04 2.639354692451491064e+04 2.266717828739660035e+04 1.818927519884332287e+04 1.277971635277692258e+04 8.453545265403998201e+03 5.990669949067664675e+03 4.796679952098064859e+03 4.010440894489044240e+03 3.096395452495521113e+03 2.097229202680544859e+03 1.312607359016958299e+03 8.377945955379889256e+02 5.712371878913634191e+02 3.958407659521396340e+02 3.132472238880027930e+02 3.346243274945671260e+02
8.977443743329220160e+04 7.644023358198207279e+04 4.779883608300890046e+04 3.071938143211824718e+04 2.371598269671146772e+04 2.052744477230403936e+04 1.690421976436217665e+04 1.219913060655586560e+04 8.169936429197608049e+03 5.779440536258910470e+03 4.631932987467911516e+03 3.958759002405930914e+03 3.194203472268074165e+03 2.272521653772378158e+03 1.474294299970049224e+03 9.600129235346070118e+02 6.680706823641819483e+02 4.825698515513490747e+02 3.346243274945671260e+02 2.590926098109754889e+02
