-3.395396471890619068e+03 3.596914513334350340e+04 6.523744760789136490e+04 6.789377549022542371e+04 5.512009929283582460e+04 4.099208295361386990e+04 3.678918991697372257e+04 4.332605428524645686e+04 4.922240762859814276e+04 4.468711805635198834e+04 3.103923920852376250e+04 1.738933090417770654e+04 1.326945078762366938e+04 1.989051991012587678e+04 2.829563327824799853e+04 2.915617917757473697e+04 2.166535570266145442e+04 1.146643526004907835e+04 6.095281773847760633e+03 8.429107167076715996e+03
3.596914513334350340e+04 -8.344671724889310553e+02 2.820676543586449407e+04 4.664972029728646157e+04 4.450321210499030713e+04 3.543991545705212047e+04 3.092418156755640302e+04 3.389220730431561969e+04 3.814222452739680011e+04 3.615101898184890888e+04 2.717333456930127068e+04 1.713918746478111279e+04 1.292278194025279663e+04 1.613062852098942130e+04 2.160230475626899715e+04 2.284212428893147080e+04 1.814443636228791729e+04 1.103686787321909833e+04 6.693558808334910282e+03 7.496515959445011504e+03
6.523744760789136490e+04 2.820676543586449407e+04 2.366794879126104661e+03 1.500923986740790497e+04 2.234826065960780033e+04 2.113657557095552693e+04 1.883166829422416049e+04 1.923394073448067502e+04 2.101911699822462106e+04 2.078428228272019624e+04 1.718051825188893054e+04 1.227550967776562902e+04 9.362047582592183971e+03 9.791130735476717746e+03 1.187729930017076367e+04 1.272058172262712105e+04 1.096090947131477878e+04 7.708492505625614285e+03 5.280702385734958625e+03 5.040252946866291495e+03
6.789377549022542371e+04 4.664972029728646157e+04 1.500923986740790497e+04 2.302563832057400305e+03 7.236871631945494300e+03 1.061395898294075414e+04 1.099436735678674449e+04 1.106500684313581405e+04 1.161623985837713917e+04 1.175019819101124267e+04 1.059605026221665321e+04 8.500850439602476399e+03 6.750043848225365764e+03 6.257985573398891574e+03 6.727466133612793783e+03 7.085564866571606217e+03 6.545083150966861467e+03 5.231994992307009852e+03 3.980973798174931744e+03 3.503821954471271965e+03
5.512009929283582460e+04 4.450321210499030713e+04 2.234826065960780033e+04 7.236871631945494300e+03 1.639155627981818043e+03 4.125436695721966316e+03 6.484375385797991839e+03 7.348685301073483970e+03 7.630277480409854434e+03 7.696023602721870702e+03 7.338094159109416978e+03 6.473442474449279871e+03 5.473132366197125521e+03 4.835348961402434725e+03 4.680653155876179881e+03 4.694815095491387183e+03 4.490078898132913309e+03 3.944238015840866865e+03 3.285472741759760538e+03 2.846207707469233355e+03
4.099208295361386990e+04 3.543991545705212047e+04 2.113657557095552693e+04 1.061395898294075414e+04 4.125436695721966316e+03 1.187442108510001844e+03 2.938529500082973755e+03 4.876307494288627822e+03 5.582848324536562359e+03 5.636086372042612311e+03 5.463472639517996868e+03 5.116231553791853912e+03 4.626303655774223444e+03 4.138198349999812308e+03 3.790090860759677980e+03 3.581874741020048987e+03 3.399476153239428186e+03 3.137370016296207268e+03 2.801200933437493859e+03 2.488379267076795259e+03
3.678918991697372257e+04 3.092418156755640302e+04 1.883166829422416049e+04 1.099436735678674449e+04 6.484375385797991839e+03 2.938529500082973755e+03 8.852113021804658501e+02 2.210279644044904217e+03 3.597392451477941449e+03 3.967346553317621783e+03 3.875184734316662798e+03 3.706456845577519744e+03 3.525871717405776508e+03 3.299693032340068385e+03 3.026995819291077169e+03 2.757648515989912084e+03 2.532676988158015320e+03 2.346756695495404983e+03 2.176632871002228512e+03 2.008649155317360055e+03
4.332605428524645686e+04 3.389220730431561969e+04 1.923394073448067502e+04 1.106500684313581405e+04 7.348685301073483970e+03 4.876307494288627822e+03 2.210279644044904217e+03 6.659114905747123885e+02 1.501398910533710705e+03 2.278623983086607950e+03 2.421293993063323796e+03 2.348427930393575025e+03 2.292804823390800266e+03 2.251642082106854104e+03 2.149931408210025893e+03 1.969131356212881428e+03 1.764889098934605045e+03 1.597424836301998312e+03 1.485817905909148521e+03 1.408016954197703626e+03
4.922240762859814276e+04 3.814222452739680011e+04 2.101911699822462106e+04 1.161623985837713917e+04 7.630277480409854434e+03 5.582848324536562359e+03 3.597392451477941449e+03 1.501398910533710705e+03 4.898500030879843052e+02 9.126739932008620144e+02 1.285092272869200315e+03 1.361817554564762986e+03 1.367324988249100670e+03 1.391557266362907740e+03 1.396204191051100906e+03 1.329816327796100950e+03 1.201633604876793697e+03 1.066952001313447454e+03 9.723369094746207111e+02 9.226510484182352911e+02
4.468711805635198834e+04 3.615101898184890888e+04 2.078428228272019624e+04 1.175019819101124267e+04 7.696023602721870702e+03 5.636086372042612311e+03 3.967346553317621783e+03 2.278623983086607950e+03 9.126739932008620144e+02 3.567221598168828223e+02 5.577129682920178766e+02 7.591800208880338232e+02 8.430816072453312700e+02 8.931484375949576133e+02 9.308389318216952688e+02 9.285431080548219143e+02 8.704318584531524721e+02 7.796487481877599066e+02 6.982134006198797351e+02 6.498612449800916693e+02
3.103923920852376250e+04 2.717333456930127068e+04 1.718051825188893054e+04 1.059605026221665321e+04 7.338094159109416978e+03 5.463472639517996868e+03 3.875184734316662798e+03 2.421293993063323796e+03 1.285092272869200315e+03 5.577129682920178766e+02 2.690556397128979711e+02 3.887109838462194489e+02 5.476127121031340721e+02 6.424392423605841032e+02 6.928639582838343358e+02 7.121431745864264258e+02 6.950852025405019958e+02 6.440624634644020716e+02 5.809460925748414866e+02 5.308058222931376804e+02
1.738933090417770654e+04 1.713918746478111279e+04 1.227550967776562902e+04 8.500850439602476399e+03 6.473442474449279871e+03 5.116231553791853912e+03 3.706456845577519744e+03 2.348427930393575025e+03 1.361817554564762986e+03 7.591800208880338232e+02 3.887109838462194489e+02 2.101084586379126051e+02 3.128137239967686583e+02 4.658498406010505164e+02 5.493549038670175833e+02 5.772470561472433701e+02 5.765848295801263248e+02 5.544822885176668024e+02 5.161509637593461548e+02 4.736616337346823116e+02
1.326945078762366938e+04 1.292278194025279663e+04 9.362047582592183971e+03 6.750043848225365764e+03 5.473132366197125521e+03 4.626303655774223444e+03 3.525871717405776508e+03 2.292804823390800266e+03 1.367324988249100670e+03 8.430816072453312700e+02 5.476127121031340721e+02 3.128137239967686583e+02 1.641343575442609790e+02 2.603349272194994342e+02 3.912691612102230465e+02 4.450714185726822052e+02 4.521217971949410526e+02 4.445893199920583925e+02 4.296834325336544111e+02 4.066199707494589575e+02
1.989051991012587678e+04 1.613062852098942130e+04 9.791130735476717746e+03 6.257985573398891574e+03 4.835348961402434725e+03 4.138198349999812308e+03 3.299693032340068385e+03 2.251642082106854104e+03 1.391557266362907740e+03 8.931484375949576133e+02 6.424392423605841032e+02 4.658498406010505164e+02 2.603349272194994342e+02 1.249405852094427445e+02 1.998121605981220910e+02 2.881809527621844040e+02 3.156239783039739564e+02 3.164046189593427130e+02 3.142830156268352084e+02 3.100251568633386228e+02
2.829563327824799853e+04 2.160230475626899715e+04 1.187729930017076367e+04 6.727466133612793783e+03 4.680653155876179881e+03 3.790090860759677980e+03 3.026995819291077169e+03 2.149931408210025893e+03 1.396204191051100906e+03 9.308389318216952688e+02 6.928639582838343358e+02 5.493549038670175833e+02 3.912691612102230465e+02 1.998121605981220910e+02 9.305424907499710230e+01 1.394198316331065257e+02 1.895550676421148637e+02 2.050406645530035803e+02 2.096014467711914335e+02 2.143835641250390722e+02
2.915617917757473697e+04 2.284212428893147080e+04 1.272058172262712105e+04 7.085564866571606217e+03 4.694815095491387183e+03 3.581874741020048987e+03 2.757648515989912084e+03 1.969131356212881428e+03 1.329816327796100950e+03 9.285431080548219143e+02 7.121431745864264258e+02 5.772470561472433701e+02 4.450714185726822052e+02 2.881809527621844040e+02 1.394198316331065257e+02 7.038490954478740491e+01 9.610689372701246214e+01 1.253743288422938207e+02 1.389852754666540875e+02 1.477094803435150254e+02
2.166535570266145442e+04 1.814443636228791729e+04 1.096090947131477878e+04 6.545083150966861467e+03 4.490078898132913309e+03 3.399476153239428186e+03 2.532676988158015320e+03 1.764889098934605045e+03 1.201633604876793697e+03 8.704318584531524721e+02 6.950852025405019958e+02 5.765848295801263248e+02 4.521217971949410526e+02 3.156239783039739564e+02 1.895550676421148637e+02 9.610689372701246214e+01 5.581034059667712910e+01 7.174423055314039743e+01 9.414342457302332434e+01 1.087079123165033678e+02
1.146643526004907835e+04 1.103686787321909833e+04 7.708492505625614285e+03 5.231994992307009852e+03 3.944238015840866865e+03 3.137370016296207268e+03 2.346756695495404983e+03 1.597424836301998312e+03 1.066952001313447454e+03 7.796487481877599066e+02 6.440624634644020716e+02 5.544822885176668024e+02 4.445893199920583925e+02 3.164046189593427130e+02 2.050406645530035803e+02 1.253743288422938207e+02 7.174423055314039743e+01 4.596995627967582010e+01 5.928971520292954978e+01 8.101752731394736884e+01
6.095281773847760633e+03 6.693558808334910282e+03 5.280702385734958625e+03 3.980973798174931744e+03 3.285472741759760538e+03 2.801200933437493859e+03 2.176632871002228512e+03 1.485817905909148521e+03 9.723369094746207111e+02 6.982134006198797351e+02 5.809460925748414866e+02 5.161509637593461548e+02 4.296834325336544111e+02 3.142830156268352084e+02 2.096014467711914335e+02 1.389852754666540875e+02 9.414342457302332434e+01 5.928971520292954978e+01 3.794754427463837487e+01 5.107455368335507728e+01
8.429107167076715996e+03 7.496515959445011504e+03 5.040252946866291495e+03 3.503821954471271965e+03 2.846207707469233355e+03 2.488379267076795259e+03 2.008649155317360055e+03 1.408016954197703626e+03 9.226510484182352911e+02 6.498612449800916693e+02 5.308058222931376804e+02 4.736616337346823116e+02 4.066199707494589575e+02 3.100251568633386228e+02 2.143835641250390722e+02 1.477094803435150254e+02 1.087079123165033678e+02 8.101752731394736884e+01 5.107455368335507728e+01 3.061270644980488598e+01
