-8.690345504368789261e+05 5.355583616363207111e+05 1.362748827637297567e+06 1.350195294900139794e+06 1.381191756597782485e+06 1.402530236740891589e+06 1.345215942336687353e+06 1.200229834262529854e+06 1.019431373150024214e+06 8.581293269872129895e+05 7.402783430297983577e+05 6.593343249165735906e+05 5.952094499392750440e+05 5.311799938153675757e+05 4.632231691687575658e+05 3.990636891198414378e+05 3.489006392383046914e+05 3.159592928034354700e+05 2.951253037905922392e+05 2.775273788985353895e+05
5.355583616363207111e+05 5.176346659371597343e+05 9.306912403800924076e+05 1.031715900283219060e+06 1.034267470517435111e+06 1.047937501468336792e+06 1.011665291431482416e+06 9.263753677570644068e+05 8.238178891165142413e+05 7.238174693062369479e+05 6.342285279378016712e+05 5.610286270707400981e+05 5.053396236885456601e+05 4.609486308289191220e+05 4.177000985768926912e+05 3.701638199330041534e+05 3.227772576804819982e+05 2.843445951333211269e+05 2.590712826759273012e+05 2.438022307829979982e+05
1.362748827637297567e+06 9.306912403800924076e+05 5.950859818529401673e+05 5.474493957484806888e+05 5.529520969141775277e+05 5.502565558089425322e+05 5.306514338987243827e+05 4.954716642969757086e+05 4.636694870457925135e+05 4.357631703517603455e+05 4.005566986604742706e+05 3.577625344470050768e+05 3.188116312639972894e+05 2.920347382726705400e+05 2.739810286385142826e+05 2.542277568557027844e+05 2.272198252805268567e+05 1.974157886976359296e+05 1.734251746263087261e+05 1.595168225575430552e+05
1.350195294900139794e+06 1.031715900283219060e+06 5.474493957484806888e+05 3.270682943806168041e+05 2.767705010275426321e+05 2.778809753677654080e+05 2.673900390714174719e+05 2.538198823362878175e+05 2.483840857505942986e+05 2.510295270224969136e+05 2.487988653737950954e+05 2.327617022920082381e+05 2.089038741372824879e+05 1.895604578797144350e+05 1.794422592350596678e+05 1.727888458970704814e+05 1.612943269803998119e+05 1.430130558465567883e+05 1.235600553286700597e+05 1.096913978606368473e+05
1.381191756597782485e+06 1.034267470517435111e+06 5.529520969141775277e+05 2.767705010275426321e+05 1.678078785295240232e+05 1.391535779911526479e+05 1.423514178060899430e+05 1.418196708449682628e+05 1.464242419157929253e+05 1.578343606673164468e+05 1.694332154519302712e+05 1.714671778374173446e+05 1.617305384505885013e+05 1.478956466748719395e+05 1.382820130169450422e+05 1.338116514044812066e+05 1.292160018950596132e+05 1.196384643456745252e+05 1.057079718362440472e+05 9.238359426961673307e+04
1.402530236740891589e+06 1.047937501468336792e+06 5.502565558089425322e+05 2.778809753677654080e+05 1.391535779911526479e+05 7.574253287035675021e+04 6.075085445014005381e+04 7.473181549449080194e+04 8.766645066826137190e+04 1.021810042491773056e+05 1.175426733613466931e+05 1.294020676610966475e+05 1.328079264256700408e+05 1.278009644954117248e+05 1.197730153022867889e+05 1.137946508208845626e+05 1.101564713283101737e+05 1.055842431280980090e+05 9.758830438119574683e+04 8.714502899377827998e+04
1.345215942336687353e+06 1.011665291431482416e+06 5.306514338987243827e+05 2.673900390714174719e+05 1.423514178060899430e+05 6.075085445014005381e+04 1.976150611046819904e+04 1.974723980520808618e+04 4.120504640451148589e+04 5.803706091387683409e+04 7.246979432620119769e+04 8.567173016324087803e+04 9.622580437574663665e+04 1.010295407900147256e+05 9.924081337717342831e+04 9.401194057847969816e+04 8.920429068018746329e+04 8.578799085162662959e+04 8.215735847934927733e+04 7.662241066606240929e+04
1.200229834262529854e+06 9.263753677570644068e+05 4.954716642969757086e+05 2.538198823362878175e+05 1.418196708449682628e+05 7.473181549449080194e+04 1.974723980520808618e+04 -2.857842048060098932e+03 5.061265531517586169e+03 2.365411873890953211e+04 3.645702364754381415e+04 4.682741145773407334e+04 5.692206355472646101e+04 6.580995295175540377e+04 7.040760359029157553e+04 6.952517803955009731e+04 6.558753803523581882e+04 6.187847785856550763e+04 5.958978799697949580e+04 5.761410509789610660e+04
1.019431373150024214e+06 8.238178891165142413e+05 4.636694870457925135e+05 2.483840857505942986e+05 1.464242419157929253e+05 8.766645066826137190e+04 4.120504640451148589e+04 5.061265531517586169e+03 -5.983481068517994572e+03 1.344179404689150260e+03 1.359046312764452341e+04 2.189832070425107304e+04 2.933208250846234660e+04 3.711093276678165421e+04 4.371520150859551359e+04 4.669952547338604927e+04 4.566851812971386971e+04 4.280618124859352247e+04 4.057408122627395642e+04 3.958188084294946020e+04
8.581293269872129895e+05 7.238174693062369479e+05 4.357631703517603455e+05 2.510295270224969136e+05 1.578343606673164468e+05 1.021810042491773056e+05 5.803706091387683409e+04 2.365411873890953211e+04 1.344179404689150260e+03 -4.640833708154021224e+03 2.023761789462409411e+02 8.396405484878296193e+03 1.462148030592385658e+04 2.067250564318687611e+04 2.661067769016658713e+04 3.102442493520811695e+04 3.256958376802150451e+04 3.154959774361303789e+04 2.975681116717462282e+04 2.867656141480412771e+04
7.402783430297983577e+05 6.342285279378016712e+05 4.005566986604742706e+05 2.487988653737950954e+05 1.694332154519302712e+05 1.175426733613466931e+05 7.246979432620119769e+04 3.645702364754381415e+04 1.359046312764452341e+04 2.023761789462409411e+02 -3.665057260780035449e+03 -1.286726300620184702e+02 6.512460310591523921e+03 1.203422555583203939e+04 1.714574325267014137e+04 2.158711091464387937e+04 2.451889636176451313e+04 2.538472721033308335e+04 2.471032341356794495e+04 2.371227843594578371e+04
6.593343249165735906e+05 5.610286270707400981e+05 3.577625344470050768e+05 2.327617022920082381e+05 1.714671778374173446e+05 1.294020676610966475e+05 8.567173016324087803e+04 4.682741145773407334e+04 2.189832070425107304e+04 8.396405484878296193e+03 -1.286726300620184702e+02 -2.952184319630040136e+03 2.601213764074826145e+02 6.172562298367826770e+03 1.099188021924011991e+04 1.505626615657665934e+04 1.831382210151542677e+04 2.042971021258314067e+04 2.120250245763452403e+04 2.095781383779653697e+04
5.952094499392750440e+05 5.053396236885456601e+05 3.188116312639972894e+05 2.089038741372824879e+05 1.617305384505885013e+05 1.328079264256700408e+05 9.622580437574663665e+04 5.692206355472646101e+04 2.933208250846234660e+04 1.462148030592385658e+04 6.512460310591523921e+03 2.601213764074826145e+02 -1.916997764471220762e+03 9.893364972318719310e+02 5.777048679431551136e+03 9.438913431151948316e+03 1.235069795063030870e+04 1.470133900546114455e+04 1.641430126066155935e+04 1.726703565648787480e+04
5.311799938153675757e+05 4.609486308289191220e+05 2.920347382726705400e+05 1.895604578797144350e+05 1.478956466748719395e+05 1.278009644954117248e+05 1.010295407900147256e+05 6.580995295175540377e+04 3.711093276678165421e+04 2.067250564318687611e+04 1.203422555583203939e+04 6.172562298367826770e+03 9.893364972318719310e+02 -7.465837928491794173e+02 1.423714711358402610e+03 4.720501189815107864e+03 7.129640947555293678e+03 9.068219215759509098e+03 1.079911614463578735e+04 1.222538269815872263e+04
4.632231691687575658e+05 4.177000985768926912e+05 2.739810286385142826e+05 1.794422592350596678e+05 1.382820130169450422e+05 1.197730153022867889e+05 9.924081337717342831e+04 7.040760359029157553e+04 4.371520150859551359e+04 2.661067769016658713e+04 1.714574325267014137e+04 1.099188021924011991e+04 5.777048679431551136e+03 1.423714711358402610e+03 5.396663107790482172e+01 1.403489381194531916e+03 3.457915506636093596e+03 4.973414974191941837e+03 6.317097628117612658e+03 7.643436481901610023e+03
3.990636891198414378e+05 3.701638199330041534e+05 2.542277568557027844e+05 1.727888458970704814e+05 1.338116514044812066e+05 1.137946508208845626e+05 9.401194057847969816e+04 6.952517803955009731e+04 4.669952547338604927e+04 3.102442493520811695e+04 2.158711091464387937e+04 1.505626615657665934e+04 9.438913431151948316e+03 4.720501189815107864e+03 1.403489381194531916e+03 3.993570375181236614e+02 1.198999040360796926e+03 2.527808991018239794e+03 3.598193799767554992e+03 4.648495070332299292e+03
3.489006392383046914e+05 3.227772576804819982e+05 2.272198252805268567e+05 1.612943269803998119e+05 1.292160018950596132e+05 1.101564713283101737e+05 8.920429068018746329e+04 6.558753803523581882e+04 4.566851812971386971e+04 3.256958376802150451e+04 2.451889636176451313e+04 1.831382210151542677e+04 1.235069795063030870e+04 7.129640947555293678e+03 3.457915506636093596e+03 1.198999040360796926e+03 4.939833442517845015e+02 1.026407367709426353e+03 2.034921468268552644e+03 2.932740171064129754e+03
3.159592928034354700e+05 2.843445951333211269e+05 1.974157886976359296e+05 1.430130558465567883e+05 1.196384643456745252e+05 1.055842431280980090e+05 8.578799085162662959e+04 6.187847785856550763e+04 4.280618124859352247e+04 3.154959774361303789e+04 2.538472721033308335e+04 2.042971021258314067e+04 1.470133900546114455e+04 9.068219215759509098e+03 4.973414974191941837e+03 2.527808991018239794e+03 1.026407367709426353e+03 5.027778456845691153e+02 9.341198953063819772e+02 1.810969404647526062e+03
2.951253037905922392e+05 2.590712826759273012e+05 1.734251746263087261e+05 1.235600553286700597e+05 1.057079718362440472e+05 9.758830438119574683e+04 8.215735847934927733e+04 5.958978799697949580e+04 4.057408122627395642e+04 2.975681116717462282e+04 2.471032341356794495e+04 2.120250245763452403e+04 1.641430126066155935e+04 1.079911614463578735e+04 6.317097628117612658e+03 3.598193799767554992e+03 2.034921468268552644e+03 9.341198953063819772e+02 4.966291270639665072e+02 8.759806457967979441e+02
2.775273788985353895e+05 2.438022307829979982e+05 1.595168225575430552e+05 1.096913978606368473e+05 9.238359426961673307e+04 8.714502899377827998e+04 7.662241066606240929e+04 5.761410509789610660e+04 3.958188084294946020e+04 2.867656141480412771e+04 2.371227843594578371e+04 2.095781383779653697e+04 1.726703565648787480e+04 1.222538269815872263e+04 7.643436481901610023e+03 4.648495070332299292e+03 2.932740171064129754e+03 1.810969404647526062e+03 8.759806457967979441e+02 4.847902109461373357e+02
