-1.300484752299705287e+06 -9.113632633344831411e+05 -6.148403647499027429e+05 -4.760145401511233649e+05 -3.961563715996618848e+05 -3.430729371295575984e+05 -2.875303350730716484e+05 -2.256613293963895412e+05 -1.709146244639291544e+05 -1.328086159919524798e+05 -1.091358399622376019e+05 -9.172052577163756359e+04 -7.405462703435283038e+04 -5.527877770933621650e+04 -3.840236262123963388e+04 -2.569354179513218696e+04 -1.672949627830239115e+04 -9.741442727838884821e+03 -3.245447199511218969e+03 2.994413721690468719e+03
-9.113632633344831411e+05 -7.748319281526108971e+05 -4.917680820650324458e+05 -3.644107476469880203e+05 -3.099529162190965144e+05 -2.725732108713383786e+05 -2.302796640829771350e+05 -1.814194465363032650e+05 -1.378109028882007988e+05 -1.074719984316676273e+05 -8.864734048575439374e+04 -7.469569598639890319e+04 -6.041193316065424006e+04 -4.518740769754924258e+04 -3.145536114821966476e+04 -2.104712943487221492e+04 -1.366630284414629750e+04 -7.897421258583521194e+03 -2.574216338237447417e+03 2.513815922048494031e+03
-6.148403647499027429e+05 -4.917680820650324458e+05 -3.102723586403735681e+05 -2.080108448461071530e+05 -1.741494826291505888e+05 -1.561775582211991423e+05 -1.331335284373156028e+05 -1.051973782270851516e+05 -8.009026401271480427e+04 -6.270954489345761976e+04 -5.197883442641844886e+04 -4.395944793603352446e+04 -3.563698026934233349e+04 -2.672254641060180074e+04 -1.865578086671076017e+04 -1.249427874646465352e+04 -8.077718126756719357e+03 -4.607617657061497994e+03 -1.433564387378712581e+03 1.566716691983829151e+03
-4.760145401511233649e+05 -3.644107476469880203e+05 -2.080108448461071530e+05 -1.295150270255412470e+05 -9.987775036396236101e+04 -8.941355707778096257e+04 -7.711251319701351167e+04 -6.103747861621489574e+04 -4.649481190823680663e+04 -3.653302632120460476e+04 -3.045163489894611121e+04 -2.587406142526379699e+04 -2.103611344683661810e+04 -1.581406120096384075e+04 -1.107567103774286079e+04 -7.431420592274057526e+03 -4.781742263748998084e+03 -2.677061323709796852e+03 -7.666794734684593777e+02 1.010060089313450931e+03
-3.961563715996618848e+05 -3.099529162190965144e+05 -1.741494826291505888e+05 -9.987775036396236101e+04 -7.068742636916435731e+04 -5.928761633302387781e+04 -5.110764322994202666e+04 -4.070749978367506264e+04 -3.105784552823680497e+04 -2.450370217808720918e+04 -2.056532640195549902e+04 -1.758342253829240508e+04 -1.435100577940344738e+04 -1.081650516676116240e+04 -7.597722238043316793e+03 -5.109509061722755177e+03 -3.274879764029548369e+03 -1.793975538419991835e+03 -4.513153922206798256e+02 7.771710714873577217e+02
-3.430729371295575984e+05 -2.725732108713383786e+05 -1.561775582211991423e+05 -8.941355707778096257e+04 -5.928761633302387781e+04 -4.533500223152792751e+04 -3.665551590788472095e+04 -2.908117420868600675e+04 -2.233454681382485069e+04 -1.774050767849719705e+04 -1.502365149893681337e+04 -1.295394372055398344e+04 -1.063033321374558909e+04 -8.035542186499524178e+03 -5.656299163386424880e+03 -3.809911066163848318e+03 -2.434237419516163754e+03 -1.304493684845031339e+03 -2.718766393097363903e+02 6.650394643575393729e+02
-2.875303350730716484e+05 -2.302796640829771350e+05 -1.331335284373156028e+05 -7.711251319701351167e+04 -5.110764322994202666e+04 -3.665551590788472095e+04 -2.659053239033545833e+04 -1.963567043671208376e+04 -1.501033048702741144e+04 -1.205798668202390036e+04 -1.033428811160233818e+04 -9.004998068942741156e+03 -7.440471832961796281e+03 -5.641601634292488598e+03 -3.973828026140646216e+03 -2.674453947494866952e+03 -1.700535197700871322e+03 -8.897871748762376001e+02 -1.384025487900867688e+02 5.460237913021762779e+02
-2.256613293963895412e+05 -1.814194465363032650e+05 -1.051973782270851516e+05 -6.103747861621489574e+04 -4.070749978367506264e+04 -2.908117420868600675e+04 -1.963567043671208376e+04 -1.265536655113548477e+04 -8.936311439078383046e+03 -7.204230517588308430e+03 -6.292088744642966049e+03 -5.559277754564427596e+03 -4.629825319089373806e+03 -3.520227722328852906e+03 -2.476590711233963248e+03 -1.658794928043588243e+03 -1.043441421748355651e+03 -5.270776238621201628e+02 -4.243719338326138768e+01 4.043449736646824704e+02
-1.709146244639291544e+05 -1.378109028882007988e+05 -8.009026401271480427e+04 -4.649481190823680663e+04 -3.105784552823680497e+04 -2.233454681382485069e+04 -1.501033048702741144e+04 -8.936311439078383046e+03 -5.321034666530852519e+03 -3.968916273431569607e+03 -3.539394674599537211e+03 -3.205641449997666314e+03 -2.700981829814713365e+03 -2.060338386851906307e+03 -1.446065243690263969e+03 -9.599432649553777992e+02 -5.911593793430560027e+02 -2.797861222032931892e+02 1.435874390934964140e+01 2.883803866822684085e+02
-1.328086159919524798e+05 -1.074719984316676273e+05 -6.270954489345761976e+04 -3.653302632120460476e+04 -2.450370217808720918e+04 -1.774050767849719705e+04 -1.205798668202390036e+04 -7.204230517588308430e+03 -3.968916273431569607e+03 -2.405616977573956774e+03 -2.001689384657280470e+03 -1.877117967663428999e+03 -1.622240356047938121e+03 -1.247372510656242866e+03 -8.744871010389698540e+02 -5.741804770544512166e+02 -3.416659340743010489e+02 -1.421753872382050190e+02 4.686506109967514533e+01 2.232200043143670882e+02
-1.091358399622376019e+05 -8.864734048575439374e+04 -5.197883442641844886e+04 -3.045163489894611121e+04 -2.056532640195549902e+04 -1.502365149893681337e+04 -1.033428811160233818e+04 -6.292088744642966049e+03 -3.539394674599537211e+03 -2.001689384657280470e+03 -1.302220684765916531e+03 -1.139517799439614009e+03 -1.020629071100053352e+03 -8.013245674426434562e+02 -5.630584512191396698e+02 -3.651862763253960793e+02 -2.064315585331453349e+02 -6.475443314158704311e+01 7.143731170075075454e+01 1.977439721379170123e+02
-9.172052577163756359e+04 -7.469569598639890319e+04 -4.395944793603352446e+04 -2.587406142526379699e+04 -1.758342253829240508e+04 -1.295394372055398344e+04 -9.004998068942741156e+03 -5.559277754564427596e+03 -3.205641449997666314e+03 -1.877117967663428999e+03 -1.139517799439614009e+03 -7.422443835524821907e+02 -6.093962721605687420e+02 -4.908721042494547078e+02 -3.476341176831373900e+02 -2.204962165967359908e+02 -1.130186997217688685e+02 -1.034583374349335827e+01 9.271129471671416411e+01 1.885540843614539881e+02
-7.405462703435283038e+04 -6.041193316065424006e+04 -3.563698026934233349e+04 -2.103611344683661810e+04 -1.435100577940344738e+04 -1.063033321374558909e+04 -7.440471832961796281e+03 -4.629825319089373806e+03 -2.700981829814713365e+03 -1.622240356047938121e+03 -1.020629071100053352e+03 -6.093962721605687420e+02 -3.324549281448195188e+02 -2.312109430367727896e+02 -1.624361092512933737e+02 -9.624588630634826814e+01 -3.377172049027308276e+01 3.274903841394075243e+01 1.051525661924981705e+02 1.746731213697338774e+02
-5.527877770933621650e+04 -4.518740769754924258e+04 -2.672254641060180074e+04 -1.581406120096384075e+04 -1.081650516676116240e+04 -8.035542186499524178e+03 -5.641601634292488598e+03 -3.520227722328852906e+03 -2.060338386851906307e+03 -1.247372510656242866e+03 -8.013245674426434562e+02 -4.908721042494547078e+02 -2.312109430367727896e+02 -6.075942224190569618e+01 -1.792693353630363617e+01 2.185753000260149292e+00 2.729805926779580005e+01 6.199962589406506197e+01 1.052641662029674876e+02 1.498611122917650675e+02
-3.840236262123963388e+04 -3.145536114821966476e+04 -1.865578086671076017e+04 -1.107567103774286079e+04 -7.597722238043316793e+03 -5.656299163386424880e+03 -3.973828026140646216e+03 -2.476590711233963248e+03 -1.446065243690263969e+03 -8.744871010389698540e+02 -5.630584512191396698e+02 -3.476341176831373900e+02 -1.624361092512933737e+02 -1.792693353630363617e+01 6.016344267490705988e+01 6.468765205116596917e+01 6.582187473921317178e+01 7.784417220251185654e+01 9.892433231928504256e+01 1.234470493963569595e+02
-2.569354179513218696e+04 -2.104712943487221492e+04 -1.249427874646465352e+04 -7.431420592274057526e+03 -5.109509061722755177e+03 -3.809911066163848318e+03 -2.674453947494866952e+03 -1.658794928043588243e+03 -9.599432649553777992e+02 -5.741804770544512166e+02 -3.651862763253960793e+02 -2.204962165967359908e+02 -9.624588630634826814e+01 2.185753000260149292e+00 6.468765205116596917e+01 9.474538614672687231e+01 8.867139758784540504e+01 8.751287571595750592e+01 9.447283924756575857e+01 1.054697349719202748e+02
-1.672949627830239115e+04 -1.366630284414629750e+04 -8.077718126756719357e+03 -4.781742263748998084e+03 -3.274879764029548369e+03 -2.434237419516163754e+03 -1.700535197700871322e+03 -1.043441421748355651e+03 -5.911593793430560027e+02 -3.416659340743010489e+02 -2.064315585331453349e+02 -1.130186997217688685e+02 -3.377172049027308276e+01 2.729805926779580005e+01 6.582187473921317178e+01 8.867139758784540504e+01 1.023689591709702995e+02 9.627132521598468884e+01 9.499220473067254034e+01 9.746082879579181224e+01
-9.741442727838884821e+03 -7.897421258583521194e+03 -4.607617657061497994e+03 -2.677061323709796852e+03 -1.793975538419991835e+03 -1.304493684845031339e+03 -8.897871748762376001e+02 -5.270776238621201628e+02 -2.797861222032931892e+02 -1.421753872382050190e+02 -6.475443314158704311e+01 -1.034583374349335827e+01 3.274903841394075243e+01 6.199962589406506197e+01 7.784417220251185654e+01 8.751287571595750592e+01 9.627132521598468884e+01 1.038635534173644146e+02 9.742412140271684962e+01 9.462858721157172681e+01
-3.245447199511218969e+03 -2.574216338237447417e+03 -1.433564387378712581e+03 -7.666794734684593777e+02 -4.513153922206798256e+02 -2.718766393097363903e+02 -1.384025487900867688e+02 -4.243719338326138768e+01 1.435874390934964140e+01 4.686506109967514533e+01 7.143731170075075454e+01 9.271129471671416411e+01 1.051525661924981705e+02 1.052641662029674876e+02 9.892433231928504256e+01 9.447283924756575857e+01 9.499220473067254034e+01 9.742412140271684962e+01 9.849399885131799692e+01 9.013136055920483614e+01
2.994413721690468719e+03 2.513815922048494031e+03 1.566716691983829151e+03 1.010060089313450931e+03 7.771710714873577217e+02 6.650394643575393729e+02 5.460237913021762779e+02 4.043449736646824704e+02 2.883803866822684085e+02 2.232200043143670882e+02 1.977439721379170123e+02 1.885540843614539881e+02 1.746731213697338774e+02 1.498611122917650675e+02 1.234470493963569595e+02 1.054697349719202748e+02 9.746082879579181224e+01 9.462858721157172681e+01 9.013136055920483614e+01 8.415680238166586946e+01
