-1.862317480252824607e+05 -1.161272635017945286e+05 -6.265536115328090091e+04 -4.680490479525551928e+04 -3.729267571883839264e+04 -3.109019479897752899e+04 -2.512560089217336645e+04 -1.864366128966365068e+04 -1.277342183628950806e+04 -8.514740349190169582e+03 -5.765666628150809629e+03 -3.778824643833303071e+03 -1.883909813897925460e+03 6.618039157023537200e+01 1.784577793143917688e+03 3.029448785017398677e+03 3.874451902165275442e+03 4.529371742114063636e+03 5.164042393340784656e+03 5.777355785658244713e+03
-1.161272635017945286e+05 -1.050676403951488610e+05 -5.838864138652279507e+04 -3.740684964046255482e+04 -3.005034865384454315e+04 -2.513765755268141947e+04 -2.031475501940136382e+04 -1.509952441435436231e+04 -1.040395572393579823e+04 -6.974056699462770666e+03 -4.715152774039457654e+03 -3.049943686508962855e+03 -1.484310607622266389e+03 8.360851856566011975e+01 1.463091371331271830e+03 2.494391347345944723e+03 3.218016503680159531e+03 3.781330449812551706e+03 4.298596930550573234e+03 4.779258195659936973e+03
-6.265536115328090091e+04 -5.838864138652279507e+04 -3.964669450516093639e+04 -2.391491730795543117e+04 -1.756321711794961448e+04 -1.472415040913827215e+04 -1.186831946817252901e+04 -8.820188623209804064e+03 -6.112467943836156337e+03 -4.125969744692200038e+03 -2.781983000733147037e+03 -1.764386538364165972e+03 -8.231536920450000707e+02 8.601374342621416247e+01 8.786870394762783008e+02 1.492540102669097678e+03 1.947640880984425849e+03 2.306965020717197604e+03 2.617673070702036057e+03 2.886569292207424496e+03
-4.680490479525551928e+04 -3.740684964046255482e+04 -2.391491730795543117e+04 -1.584392732460225852e+04 -1.100410220078538077e+04 -8.656583816987966202e+03 -6.950176594225257759e+03 -5.146367344446601237e+03 -3.579423126030438652e+03 -2.432555348881528971e+03 -1.634328882654383051e+03 -1.009885333172637502e+03 -4.397443617235367128e+02 8.914350573360627550e+01 5.411411628368432503e+02 9.017278455759154667e+02 1.187612505976156399e+03 1.421541177335077919e+03 1.613949045989133765e+03 1.765368267402812990e+03
-3.729267571883839264e+04 -3.005034865384454315e+04 -1.756321711794961448e+04 -1.100410220078538077e+04 -8.143628002142455443e+03 -6.109485198241150101e+03 -4.667285027770459237e+03 -3.449431524055913087e+03 -2.403877233195260487e+03 -1.643457200649688275e+03 -1.100539510993167596e+03 -6.597557920770974533e+02 -2.582859183587253256e+02 1.005594811772830610e+02 3.982467796884027393e+02 6.396406947316685319e+02 8.437796091564132439e+02 1.020070244015678441e+03 1.162464833398389146e+03 1.264568909463759610e+03
-3.109019479897752899e+04 -2.513765755268141947e+04 -1.472415040913827215e+04 -8.656583816987966202e+03 -6.109485198241150101e+03 -4.770048646248222212e+03 -3.480453692954708004e+03 -2.474522122652882899e+03 -1.730693811053017043e+03 -1.188400889303848999e+03 -7.929225414152629128e+02 -4.594706468478358374e+02 -1.523924789779752018e+02 1.154985940870931671e+02 3.306365853225323690e+02 5.050287649287648151e+02 6.598852140889455313e+02 8.016424010404508635e+02 9.181813384105963678e+02 9.974903046802373865e+02
-2.512560089217336645e+04 -2.031475501940136382e+04 -1.186831946817252901e+04 -6.950176594225257759e+03 -4.667285027770459237e+03 -3.480453692954708004e+03 -2.504522328190654207e+03 -1.701140970057182358e+03 -1.152897418398147465e+03 -7.936421320912843385e+02 -5.248228705281112525e+02 -2.902984975622863431e+02 -7.021995361985024431e+01 1.202658399664680076e+02 2.696053991481883827e+02 3.892012918752276960e+02 4.982404378211481912e+02 6.029203966700521278e+02 6.921910876900682297e+02 7.530480481117642739e+02
-1.864366128966365068e+04 -1.509952441435436231e+04 -8.820188623209804064e+03 -5.146367344446601237e+03 -3.449431524055913087e+03 -2.474522122652882899e+03 -1.701140970057182358e+03 -1.045468181755899423e+03 -6.796086562066809620e+02 -4.522184324580994144e+02 -2.930551467356041258e+02 -1.484262582210731409e+02 -1.046233339094921888e+01 1.091516952363132305e+02 2.023251037097632548e+02 2.764161244504990691e+02 3.444924137813906100e+02 4.115403484900771787e+02 4.705592636535873794e+02 5.120562279829977115e+02
-1.277342183628950806e+04 -1.040395572393579823e+04 -6.112467943836156337e+03 -3.579423126030438652e+03 -2.403877233195260487e+03 -1.730693811053017043e+03 -1.152897418398147465e+03 -6.796086562066809620e+02 -3.582378205416297305e+02 -2.281954754393557891e+02 -1.357188105223112871e+02 -5.455369502112266389e+01 2.445598714756704339e+01 9.284677219244812818e+01 1.468231638294235211e+02 1.907870650709660652e+02 2.316585702839432770e+02 2.719497935645667326e+02 3.075842536252708896e+02 3.331682507154246764e+02
-8.514740349190169582e+03 -6.974056699462770666e+03 -4.125969744692200038e+03 -2.432555348881528971e+03 -1.643457200649688275e+03 -1.188400889303848999e+03 -7.936421320912843385e+02 -4.522184324580994144e+02 -2.281954754393557891e+02 -9.798653125750638537e+01 -4.711048934745690531e+01 1.076714146955367823e+00 4.528163295080798889e+01 8.346091836087569504e+01 1.143846992775814897e+02 1.415941627825415026e+02 1.683121729370879223e+02 1.945775543885912100e+02 2.170912498134867974e+02 2.328576998461520304e+02
-5.765666628150809629e+03 -4.715152774039457654e+03 -2.781983000733147037e+03 -1.634328882654383051e+03 -1.100539510993167596e+03 -7.929225414152629128e+02 -5.248228705281112525e+02 -2.930551467356041258e+02 -1.357188105223112871e+02 -4.711048934745690531e+01 8.760744557552385459e+00 3.639046064440935879e+01 6.298905213526606417e+01 8.349048535267522198e+01 1.008028077194471024e+02 1.183326349454762578e+02 1.378594722027543469e+02 1.577379480855395286e+02 1.741192332757662484e+02 1.846650289328664769e+02
-3.778824643833303071e+03 -3.049943686508962855e+03 -1.764386538364165972e+03 -1.009885333172637502e+03 -6.597557920770974533e+02 -4.594706468478358374e+02 -2.902984975622863431e+02 -1.484262582210731409e+02 -5.455369502112266389e+01 1.076714146955367823e+00 3.639046064440935879e+01 6.632826896419322793e+01 7.806011630637226517e+01 8.791060607990382891e+01 9.554165659011103173e+01 1.058086994215983765e+02 1.200483244381584882e+02 1.360255646377276548e+02 1.492410586929400154e+02 1.569659290110033680e+02
-1.883909813897925460e+03 -1.484310607622266389e+03 -8.231536920450000707e+02 -4.397443617235367128e+02 -2.582859183587253256e+02 -1.523924789779752018e+02 -7.021995361985024431e+01 -1.046233339094921888e+01 2.445598714756704339e+01 4.528163295080798889e+01 6.298905213526606417e+01 7.806011630637226517e+01 9.153038545383037672e+01 8.799731795059091155e+01 8.883474686281394384e+01 9.285099292359427636e+01 1.017121006544288804e+02 1.134186388820192519e+02 1.237372870543855754e+02 1.296061327042375808e+02
6.618039157023537200e+01 8.360851856566011975e+01 8.601374342621416247e+01 8.914350573360627550e+01 1.005594811772830610e+02 1.154985940870931671e+02 1.202658399664680076e+02 1.091516952363132305e+02 9.284677219244812818e+01 8.346091836087569504e+01 8.349048535267522198e+01 8.791060607990382891e+01 8.799731795059091155e+01 8.636277219604082234e+01 7.656163404469884881e+01 7.652493776967148165e+01 8.077815899624297913e+01 8.795551082713240021e+01 9.489008216683328101e+01 9.904657014047866426e+01
1.784577793143917688e+03 1.463091371331271830e+03 8.786870394762783008e+02 5.411411628368432503e+02 3.982467796884027393e+02 3.306365853225323690e+02 2.696053991481883827e+02 2.023251037097632548e+02 1.468231638294235211e+02 1.143846992775814897e+02 1.008028077194471024e+02 9.554165659011103173e+01 8.883474686281394384e+01 7.656163404469884881e+01 6.796486515653592164e+01 6.042320348299659827e+01 6.206878757020882631e+01 6.592387765783769282e+01 6.983181756243058658e+01 7.225699070421427450e+01
3.029448785017398677e+03 2.494391347345944723e+03 1.492540102669097678e+03 9.017278455759154667e+02 6.396406947316685319e+02 5.050287649287648151e+02 3.892012918752276960e+02 2.764161244504990691e+02 1.907870650709660652e+02 1.415941627825415026e+02 1.183326349454762578e+02 1.058086994215983765e+02 9.285099292359427636e+01 7.652493776967148165e+01 6.042320348299659827e+01 5.269267701262857884e+01 4.902162722871592848e+01 5.121512638847433152e+01 5.324920444810410913e+01 5.426555200299033288e+01
3.874451902165275442e+03 3.218016503680159531e+03 1.947640880984425849e+03 1.187612505976156399e+03 8.437796091564132439e+02 6.598852140889455313e+02 4.982404378211481912e+02 3.444924137813906100e+02 2.316585702839432770e+02 1.683121729370879223e+02 1.378594722027543469e+02 1.200483244381584882e+02 1.017121006544288804e+02 8.077815899624297913e+01 6.206878757020882631e+01 4.902162722871592848e+01 4.416816737907130630e+01 4.246090043452005602e+01 4.371379801372313523e+01 4.394682258650232853e+01
4.529371742114063636e+03 3.781330449812551706e+03 2.306965020717197604e+03 1.421541177335077919e+03 1.020070244015678441e+03 8.016424010404508635e+02 6.029203966700521278e+02 4.115403484900771787e+02 2.719497935645667326e+02 1.945775543885912100e+02 1.577379480855395286e+02 1.360255646377276548e+02 1.134186388820192519e+02 8.795551082713240021e+01 6.592387765783769282e+01 5.121512638847433152e+01 4.246090043452005602e+01 3.911821778234809699e+01 3.726667076093247033e+01 3.737941185682949197e+01
5.164042393340784656e+03 4.298596930550573234e+03 2.617673070702036057e+03 1.613949045989133765e+03 1.162464833398389146e+03 9.181813384105963678e+02 6.921910876900682297e+02 4.705592636535873794e+02 3.075842536252708896e+02 2.170912498134867974e+02 1.741192332757662484e+02 1.492410586929400154e+02 1.237372870543855754e+02 9.489008216683328101e+01 6.983181756243058658e+01 5.324920444810410913e+01 4.371379801372313523e+01 3.726667076093247033e+01 3.348819237766106482e+01 3.092043630606156057e+01
5.777355785658244713e+03 4.779258195659936973e+03 2.886569292207424496e+03 1.765368267402812990e+03 1.264568909463759610e+03 9.974903046802373865e+02 7.530480481117642739e+02 5.120562279829977115e+02 3.331682507154246764e+02 2.328576998461520304e+02 1.846650289328664769e+02 1.569659290110033680e+02 1.296061327042375808e+02 9.904657014047866426e+01 7.225699070421427450e+01 5.426555200299033288e+01 4.394682258650232853e+01 3.737941185682949197e+01 3.092043630606156057e+01 2.615377087742397322e+01
