-4.267498464023530250e+05 -2.948868679074813263e+05 -1.914627720763619873e+05 -1.374738363062278659e+05 -1.025540810526185960e+05 -7.599869931184731831e+04 -5.101180382106304751e+04 -2.851359610043445718e+04 -1.138205699136546536e+04 5.249142502497016949e+02 9.411405143560781653e+03 1.670235849614361359e+04 2.216419528459006324e+04 2.518712870481723803e+04 2.618062206663768302e+04 2.636525780094790389e+04 2.663953264033027153e+04 2.700458528896216376e+04 2.687427264018582355e+04 2.585420416783559995e+04
-2.948868679074813263e+05 -2.416950321239448967e+05 -1.467418293927535124e+05 -1.015935343298439548e+05 -7.770070950138405897e+04 -5.853925098559665639e+04 -3.964968536615196354e+04 -2.226011092524845299e+04 -8.841642226703581400e+03 6.031906598915795712e+02 7.696980456072274137e+03 1.351776569926133561e+04 1.792187230855627786e+04 2.047387235955705910e+04 2.146195107310530511e+04 2.175001535299100578e+04 2.199163623863896282e+04 2.223753192235746974e+04 2.211549209478529883e+04 2.135790155038073863e+04
-1.914627720763619873e+05 -1.467418293927535124e+05 -8.722396725288563175e+04 -5.430807248329371214e+04 -4.103626517024623172e+04 -3.163105348962788412e+04 -2.164539975200358822e+04 -1.218425625745886828e+04 -4.786428866270997787e+03 5.189317817729551052e+02 4.587526893861860117e+03 7.951332157765547890e+03 1.050216455768430023e+04 1.201968884346939740e+04 1.269253596040607772e+04 1.298284881554911772e+04 1.320187615244030349e+04 1.335628544285843054e+04 1.327042125740192387e+04 1.284073039411454920e+04
-1.374738363062278659e+05 -1.015935343298439548e+05 -5.430807248329371214e+04 -3.091255841806132958e+04 -2.128743219180343294e+04 -1.638337039056429785e+04 -1.136031263121166194e+04 -6.377653964306416128e+03 -2.432839502044816072e+03 4.581186118801317662e+02 2.762476589211040391e+03 4.716320524111020859e+03 6.197739045083121709e+03 7.077229422384307327e+03 7.496456556473873206e+03 7.737721539059864881e+03 7.951611040125488216e+03 8.095616312309072782e+03 8.054202378710017911e+03 7.795241917300444584e+03
-1.025540810526185960e+05 -7.770070950138405897e+04 -4.103626517024623172e+04 -2.128743219180343294e+04 -1.314129311513848916e+04 -9.317146458326069478e+03 -6.416849362132456918e+03 -3.582857116007464811e+03 -1.270432778454620120e+03 4.730154411329068580e+02 1.939280297596343189e+03 3.245686238549272275e+03 4.254094458578819285e+03 4.846905875383120474e+03 5.132168259024222607e+03 5.326668211886564677e+03 5.536115370241692290e+03 5.702529667732439520e+03 5.712963449752292036e+03 5.540904587672788693e+03
-7.599869931184731831e+04 -5.853925098559665639e+04 -3.163105348962788412e+04 -1.638337039056429785e+04 -9.317146458326069478e+03 -5.727101117042961050e+03 -3.546627279595503296e+03 -1.882160590023232771e+03 -5.384086468811885879e+02 5.352638628899599098e+02 1.504126960035024922e+03 2.429371315877486268e+03 3.179989018940823371e+03 3.632540356659293138e+03 3.849676463162843902e+03 4.003431338501790833e+03 4.191590801359850957e+03 4.371918100286964545e+03 4.436193714414944225e+03 4.338525666189987533e+03
-5.101180382106304751e+04 -3.964968536615196354e+04 -2.164539975200358822e+04 -1.136031263121166194e+04 -6.416849362132456918e+03 -3.546627279595503296e+03 -1.657840025259943332e+03 -6.363247168967573089e+02 2.265667899237499228e+01 5.800013791155237186e+02 1.149321650955563200e+03 1.740291345982373514e+03 2.253873342925649467e+03 2.588001358843208891e+03 2.759987112238146437e+03 2.877491680884325888e+03 3.020174632237817150e+03 3.175246094395060936e+03 3.266845327196014750e+03 3.242570578454126462e+03
-2.851359610043445718e+04 -2.226011092524845299e+04 -1.218425625745886828e+04 -6.377653964306416128e+03 -3.582857116007464811e+03 -1.882160590023232771e+03 -6.363247168967573089e+02 1.031827893469453556e+02 3.556124357419222406e+02 5.628345033912355575e+02 8.318815201661939227e+02 1.148724497078562081e+03 1.441477529381788599e+03 1.650275818942972364e+03 1.776330403069443037e+03 1.866735061315913754e+03 1.963245894788781470e+03 2.068171764218695898e+03 2.146696240619975015e+03 2.164950131766882350e+03
-1.138205699136546536e+04 -8.841642226703581400e+03 -4.786428866270997787e+03 -2.432839502044816072e+03 -1.270432778454620120e+03 -5.384086468811885879e+02 2.265667899237499228e+01 3.556124357419222406e+02 4.873498355444628487e+02 5.009490564139994149e+02 6.015141019790255541e+02 7.511228296805498985e+02 8.960523737696822764e+02 1.005084288326997694e+03 1.084996537870617431e+03 1.154775133298607216e+03 1.224290225201642215e+03 1.291005805981215417e+03 1.342892410633965483e+03 1.368474015105691251e+03
5.249142502497016949e+02 6.031906598915795712e+02 5.189317817729551052e+02 4.581186118801317662e+02 4.730154411329068580e+02 5.352638628899599098e+02 5.800013791155237186e+02 5.628345033912355575e+02 5.009490564139994149e+02 4.706132650394660573e+02 4.660589139154225222e+02 5.357336094794709425e+02 6.062520289866492931e+02 6.578439322197157253e+02 7.029644362437844620e+02 7.559242606974997898e+02 8.141315843116768747e+02 8.655504310378123591e+02 9.014473325204651246e+02 9.218022011839553898e+02
9.411405143560781653e+03 7.696980456072274137e+03 4.587526893861860117e+03 2.762476589211040391e+03 1.939280297596343189e+03 1.504126960035024922e+03 1.149321650955563200e+03 8.318815201661939227e+02 6.015141019790255541e+02 4.660589139154225222e+02 4.253569164938110134e+02 4.240580954403199030e+02 4.614315160326513023e+02 4.856613170223444058e+02 5.094735846870066780e+02 5.486230237455780525e+02 6.010626217410592744e+02 6.508471027184915556e+02 6.843876612290476942e+02 7.019227350609509131e+02
1.670235849614361359e+04 1.351776569926133561e+04 7.951332157765547890e+03 4.716320524111020859e+03 3.245686238549272275e+03 2.429371315877486268e+03 1.740291345982373514e+03 1.148724497078562081e+03 7.511228296805498985e+02 5.357336094794709425e+02 4.240580954403199030e+02 3.829404118777837311e+02 3.670799414188244327e+02 3.791257070370024280e+02 3.915383888779621770e+02 4.189381647499615724e+02 4.633210824449174083e+02 5.123021740029836337e+02 5.497902210787542572e+02 5.703947201508184435e+02
2.216419528459006324e+04 1.792187230855627786e+04 1.050216455768430023e+04 6.197739045083121709e+03 4.254094458578819285e+03 3.179989018940823371e+03 2.253873342925649467e+03 1.441477529381788599e+03 8.960523737696822764e+02 6.062520289866492931e+02 4.614315160326513023e+02 3.670799414188244327e+02 3.115566113403626218e+02 2.835253943856033061e+02 2.910635450127143713e+02 3.097707770671577236e+02 3.425933251373703570e+02 3.833988501336896206e+02 4.205024590234485800e+02 4.455779330684094930e+02
2.518712870481723803e+04 2.047387235955705910e+04 1.201968884346939740e+04 7.077229422384307327e+03 4.846905875383120474e+03 3.632540356659293138e+03 2.588001358843208891e+03 1.650275818942972364e+03 1.005084288326997694e+03 6.578439322197157253e+02 4.856613170223444058e+02 3.791257070370024280e+02 2.835253943856033061e+02 2.220518979821135872e+02 1.998699267369715358e+02 2.139844536356342530e+02 2.368039493902904269e+02 2.652496752523669556e+02 2.940475657797238114e+02 3.180353404289664354e+02
2.618062206663768302e+04 2.146195107310530511e+04 1.269253596040607772e+04 7.496456556473873206e+03 5.132168259024222607e+03 3.849676463162843902e+03 2.759987112238146437e+03 1.776330403069443037e+03 1.084996537870617431e+03 7.029644362437844620e+02 5.094735846870066780e+02 3.915383888779621770e+02 2.910635450127143713e+02 1.998699267369715358e+02 1.504170858643390716e+02 1.411653494431705269e+02 1.589098135019655729e+02 1.784702295803747063e+02 1.975646294458872774e+02 2.154033943303265346e+02
2.636525780094790389e+04 2.175001535299100578e+04 1.298284881554911772e+04 7.737721539059864881e+03 5.326668211886564677e+03 4.003431338501790833e+03 2.877491680884325888e+03 1.866735061315913754e+03 1.154775133298607216e+03 7.559242606974997898e+02 5.486230237455780525e+02 4.189381647499615724e+02 3.097707770671577236e+02 2.139844536356342530e+02 1.411653494431705269e+02 1.087479703863452585e+02 1.081578332802636453e+02 1.246172965970191342e+02 1.383634912999280289e+02 1.504188732815154026e+02
2.663953264033027153e+04 2.199163623863896282e+04 1.320187615244030349e+04 7.951611040125488216e+03 5.536115370241692290e+03 4.191590801359850957e+03 3.020174632237817150e+03 1.963245894788781470e+03 1.224290225201642215e+03 8.141315843116768747e+02 6.010626217410592744e+02 4.633210824449174083e+02 3.425933251373703570e+02 2.368039493902904269e+02 1.589098135019655729e+02 1.081578332802636453e+02 8.794824866629564042e+01 9.053624208231541104e+01 1.036847166588322295e+02 1.132346640180084307e+02
2.700458528896216376e+04 2.223753192235746974e+04 1.335628544285843054e+04 8.095616312309072782e+03 5.702529667732439520e+03 4.371918100286964545e+03 3.175246094395060936e+03 2.068171764218695898e+03 1.291005805981215417e+03 8.655504310378123591e+02 6.508471027184915556e+02 5.123021740029836337e+02 3.833988501336896206e+02 2.652496752523669556e+02 1.784702295803747063e+02 1.246172965970191342e+02 9.053624208231541104e+01 7.632557177545866978e+01 7.866620319309399179e+01 8.879307150578834751e+01
2.687427264018582355e+04 2.211549209478529883e+04 1.327042125740192387e+04 8.054202378710017911e+03 5.712963449752292036e+03 4.436193714414944225e+03 3.266845327196014750e+03 2.146696240619975015e+03 1.342892410633965483e+03 9.014473325204651246e+02 6.843876612290476942e+02 5.497902210787542572e+02 4.205024590234485800e+02 2.940475657797238114e+02 1.975646294458872774e+02 1.383634912999280289e+02 1.036847166588322295e+02 7.866620319309399179e+01 6.620718853155328532e+01 6.725813103467081078e+01
2.585420416783559995e+04 2.135790155038073863e+04 1.284073039411454920e+04 7.795241917300444584e+03 5.540904587672788693e+03 4.338525666189987533e+03 3.242570578454126462e+03 2.164950131766882350e+03 1.368474015105691251e+03 9.218022011839553898e+02 7.019227350609509131e+02 5.703947201508184435e+02 4.455779330684094930e+02 3.180353404289664354e+02 2.154033943303265346e+02 1.504188732815154026e+02 1.132346640180084307e+02 8.879307150578834751e+01 6.725813103467081078e+01 5.535356592673929299e+01
