-1.271755877653861535e+05 -8.689801520308417093e+04 -5.697863163981356047e+04 -4.388915238642616896e+04 -3.636268726931693527e+04 -3.143614969696665139e+04 -2.628058779309366946e+04 -2.044733320928240209e+04 -1.523057140660979167e+04 -1.161797225325900035e+04 -9.438677056191272641e+03 -7.884140736799928163e+03 -6.264105965258299875e+03 -4.459597056245617750e+03 -2.806785972347611732e+03 -1.599436475635855459e+03 -8.100145977177951409e+02 -2.353476952732786458e+02 3.272207087408110056e+02 9.248333502604617706e+02
-8.689801520308417093e+04 -7.393167833896567754e+04 -4.604976204050383240e+04 -3.356370179974193161e+04 -2.842815290294554870e+04 -2.495052732651809856e+04 -2.101778835324295142e+04 -1.641576275704248474e+04 -1.226894907115956084e+04 -9.393305477788297139e+03 -7.653622531849286133e+03 -6.399400173373192047e+03 -5.087744807421703626e+03 -3.633754812741735350e+03 -2.298525976968474424e+03 -1.309097795531738939e+03 -6.525555414242596726e+02 -1.701875621624911332e+02 2.911467171739797095e+02 7.723256829812064552e+02
-5.697863163981356047e+04 -4.604976204050383240e+04 -2.901700418685688419e+04 -1.920974692128848255e+04 -1.594096628603894715e+04 -1.427690445085208557e+04 -1.212952054904724537e+04 -9.499961763235598482e+03 -7.118379052250732457e+03 -5.472119495973202902e+03 -4.475409227310624374e+03 -3.747746786596271249e+03 -2.982132392925074328e+03 -2.137436944762011535e+03 -1.360601061979748692e+03 -7.756563514039414713e+02 -3.775561842815031355e+02 -8.120646601956610766e+01 1.949445203393837289e+02 4.740933445570404388e+02
-4.388915238642616896e+04 -3.356370179974193161e+04 -1.920974692128848255e+04 -1.188443799601268984e+04 -9.117774449424898194e+03 -8.145176643424468239e+03 -7.007865476141549152e+03 -5.497688702138657391e+03 -4.122185486559013043e+03 -3.179962659953346247e+03 -2.612139126185356417e+03 -2.192353624941873932e+03 -1.746063497740429966e+03 -1.255066558444130806e+03 -8.037903545991827059e+02 -4.591805618909000373e+02 -2.172752777917224591e+02 -3.317927063860982173e+01 1.343090037830676806e+02 2.969312547032902785e+02
-3.636268726931693527e+04 -2.842815290294554870e+04 -1.594096628603894715e+04 -9.117774449424898194e+03 -6.396544711275631016e+03 -5.363576197964765925e+03 -4.615616373116891737e+03 -3.648654330986589230e+03 -2.740901986739567747e+03 -2.123216465520236397e+03 -1.754447955966103564e+03 -1.478333860004637700e+03 -1.179061113594591689e+03 -8.489098446396834561e+02 -5.458559956816151271e+02 -3.121698463017592644e+02 -1.432354283094311143e+02 -1.080242680247000386e+01 1.082748788190410068e+02 2.192978969573092627e+02
-3.143614969696665139e+04 -2.495052732651809856e+04 -1.427690445085208557e+04 -8.145176643424468239e+03 -5.363576197964765925e+03 -4.058868804481900497e+03 -3.276868143262302510e+03 -2.582189120775305582e+03 -1.955001931738342364e+03 -1.525182834171911963e+03 -1.271268009881054013e+03 -1.078419329300550544e+03 -8.624471657530108359e+02 -6.211451864259294098e+02 -3.994313196110260265e+02 -2.275697453807480883e+02 -1.005665066244415584e+02 2.112917522949946392e+00 9.490899121488445189e+01 1.791073911833297529e+02
-2.628058779309366946e+04 -2.101778835324295142e+04 -1.212952054904724537e+04 -7.007865476141549152e+03 -4.615616373116891737e+03 -3.276868143262302510e+03 -2.340696102537389834e+03 -1.717446601496124686e+03 -1.295233412250171114e+03 -1.023450964508487004e+03 -8.638962942768547464e+02 -7.400418461478139989e+02 -5.942828956010180264e+02 -4.274160933234277309e+02 -2.732436446483964687e+02 -1.534728163439671960e+02 -6.386766278652492446e+01 1.039354185399945152e+01 7.863528976172132445e+01 1.401911972127268484e+02
-2.044733320928240209e+04 -1.641576275704248474e+04 -9.499961763235598482e+03 -5.497688702138657391e+03 -3.648654330986589230e+03 -2.582189120775305582e+03 -1.717446601496124686e+03 -1.079696389252935205e+03 -7.530404436329446298e+02 -5.985205348408364898e+02 -5.165367856317906217e+02 -4.490759533085592352e+02 -3.627046486221378814e+02 -2.599830884272654998e+02 -1.639785703452078565e+02 -8.919826157903185049e+01 -3.297574296555393403e+01 1.430527257621427495e+01 5.852856601137239068e+01 9.882959492222178710e+01
-1.523057140660979167e+04 -1.226894907115956084e+04 -7.118379052250732457e+03 -4.122185486559013043e+03 -2.740901986739567747e+03 -1.955001931738342364e+03 -1.295233412250171114e+03 -7.530404436329446298e+02 -4.298631508872872473e+02 -3.165600494102325229e+02 -2.810824704571139137e+02 -2.519768303624218504e+02 -2.059242935176651770e+02 -1.470763900765920198e+02 -9.080999705759971619e+01 -4.656589578704959109e+01 -1.308766295290624271e+01 1.526106051907691885e+01 4.202821959801315899e+01 6.673179163004635939e+01
-1.161797225325900035e+04 -9.393305477788297139e+03 -5.472119495973202902e+03 -3.179962659953346247e+03 -2.123216465520236397e+03 -1.525182834171911963e+03 -1.023450964508487004e+03 -5.985205348408364898e+02 -3.165600494102325229e+02 -1.786818118596369800e+02 -1.481109260019144358e+02 -1.396235780908798461e+02 -1.178676001074625503e+02 -8.433357999338625177e+01 -5.057803998864714146e+01 -2.336323419563637316e+01 -2.315743190412039354e+00 1.574179260743822262e+01 3.280113459956686484e+01 4.857691203784284539e+01
-9.438677056191272641e+03 -7.653622531849286133e+03 -4.475409227310624374e+03 -2.612139126185356417e+03 -1.754447955966103564e+03 -1.271268009881054013e+03 -8.638962942768547464e+02 -5.165367856317906217e+02 -2.810824704571139137e+02 -1.481109260019144358e+02 -8.594283574544115822e+01 -7.520151574979009013e+01 -6.701227776140352432e+01 -4.868490216507611734e+01 -2.778002547266437716e+01 -1.008677529379276905e+01 4.243562817804832576e+00 1.703892197945360465e+01 2.922014805123039594e+01 4.035566546804462718e+01
-7.884140736799928163e+03 -6.399400173373192047e+03 -3.747746786596271249e+03 -2.192353624941873932e+03 -1.478333860004637700e+03 -1.078419329300550544e+03 -7.400418461478139989e+02 -4.490759533085592352e+02 -2.519768303624218504e+02 -1.396235780908798461e+02 -7.520151574979009013e+01 -3.968218936156424093e+01 -3.120733988992301988e+01 -2.280074411508466881e+01 -1.112849456771771983e+01 -1.890623267952271647e-01 9.372146565989094569e+00 1.862629497034361492e+01 2.780096137114067290e+01 3.612229202375707615e+01
-6.264105965258299875e+03 -5.087744807421703626e+03 -2.982132392925074328e+03 -1.746063497740429966e+03 -1.179061113594591689e+03 -8.624471657530108359e+02 -5.942828956010180264e+02 -3.627046486221378814e+02 -2.059242935176651770e+02 -1.178676001074625503e+02 -6.701227776140352432e+01 -3.120733988992301988e+01 -7.652566787585129759e+00 -1.833269516201852412e+00 2.741347434750771583e+00 7.846029980258066416e+00 1.312756076240876979e+01 1.904411676556214061e+01 2.548217603978745771e+01 3.147510107126408485e+01
-4.459597056245617750e+03 -3.633754812741735350e+03 -2.137436944762011535e+03 -1.255066558444130806e+03 -8.489098446396834561e+02 -6.211451864259294098e+02 -4.274160933234277309e+02 -2.599830884272654998e+02 -1.470763900765920198e+02 -8.433357999338625177e+01 -4.868490216507611734e+01 -2.280074411508466881e+01 -1.833269516201852412e+00 1.086390804133424126e+01 1.217753464322487389e+01 1.304455184249489363e+01 1.479760477834095056e+01 1.772298357818336001e+01 2.153155472185840225e+01 2.538277121695789162e+01
-2.806785972347611732e+03 -2.298525976968474424e+03 -1.360601061979748692e+03 -8.037903545991827059e+02 -5.458559956816151271e+02 -3.994313196110260265e+02 -2.732436446483964687e+02 -1.639785703452078565e+02 -9.080999705759971619e+01 -5.057803998864714146e+01 -2.778002547266437716e+01 -1.112849456771771983e+01 2.741347434750771583e+00 1.217753464322487389e+01 1.652876222595381250e+01 1.532919012395427671e+01 1.492828297147263683e+01 1.572492014606829613e+01 1.747818139336503407e+01 1.957579695149396670e+01
-1.599436475635855459e+03 -1.309097795531738939e+03 -7.756563514039414713e+02 -4.591805618909000373e+02 -3.121698463017592644e+02 -2.275697453807480883e+02 -1.534728163439671960e+02 -8.919826157903185049e+01 -4.656589578704959109e+01 -2.336323419563637316e+01 -1.008677529379276905e+01 -1.890623267952271647e-01 7.846029980258066416e+00 1.304455184249489363e+01 1.532919012395427671e+01 1.623345866919359537e+01 1.475133183996590702e+01 1.435554176578333951e+01 1.478017297240891104e+01 1.564228675757920684e+01
-8.100145977177951409e+02 -6.525555414242596726e+02 -3.775561842815031355e+02 -2.172752777917224591e+02 -1.432354283094311143e+02 -1.005665066244415584e+02 -6.386766278652492446e+01 -3.297574296555393403e+01 -1.308766295290624271e+01 -2.315743190412039354e+00 4.243562817804832576e+00 9.372146565989094569e+00 1.312756076240876979e+01 1.479760477834095056e+01 1.492828297147263683e+01 1.475133183996590702e+01 1.499437686034195139e+01 1.385338132097328057e+01 1.352962518391130331e+01 1.359717516785006808e+01
-2.353476952732786458e+02 -1.701875621624911332e+02 -8.120646601956610766e+01 -3.317927063860982173e+01 -1.080242680247000386e+01 2.112917522949946392e+00 1.039354185399945152e+01 1.430527257621427495e+01 1.526106051907691885e+01 1.574179260743822262e+01 1.703892197945360465e+01 1.862629497034361492e+01 1.904411676556214061e+01 1.772298357818336001e+01 1.572492014606829613e+01 1.435554176578333951e+01 1.385338132097328057e+01 1.392067641527564348e+01 1.288522458308510465e+01 1.251036016071181933e+01
3.272207087408110056e+02 2.911467171739797095e+02 1.949445203393837289e+02 1.343090037830676806e+02 1.082748788190410068e+02 9.490899121488445189e+01 7.863528976172132445e+01 5.852856601137239068e+01 4.202821959801315899e+01 3.280113459956686484e+01 2.922014805123039594e+01 2.780096137114067290e+01 2.548217603978745771e+01 2.153155472185840225e+01 1.747818139336503407e+01 1.478017297240891104e+01 1.352962518391130331e+01 1.288522458308510465e+01 1.238976784875644199e+01 1.128158212270803062e+01
9.248333502604617706e+02 7.723256829812064552e+02 4.740933445570404388e+02 2.969312547032902785e+02 2.192978969573092627e+02 1.791073911833297529e+02 1.401911972127268484e+02 9.882959492222178710e+01 6.673179163004635939e+01 4.857691203784284539e+01 4.035566546804462718e+01 3.612229202375707615e+01 3.147510107126408485e+01 2.538277121695789162e+01 1.957579695149396670e+01 1.564228675757920684e+01 1.359717516785006808e+01 1.251036016071181933e+01 1.128158212270803062e+01 1.008112828254519755e+01
