4.225431381482435245e+04 4.356569896755690570e+04 4.795385269850416807e+04 5.572912474739648314e+04 6.640363196474063443e+04 7.777237656375678489e+04 8.538922284214377578e+04 8.671201107731446973e+04 8.383866530259829597e+04 8.092441465106434771e+04 8.020054038197042246e+04 8.063727186743033235e+04 7.959844118528143736e+04 7.555387134594179224e+04 6.928606383858312620e+04 6.283596745785400708e+04 5.772566327296048985e+04 5.409740354964413564e+04 5.109211409279023792e+04 4.776973936939572013e+04
4.356569896755690570e+04 6.525943007358989416e+04 4.922461520698749518e+04 4.792573178420175100e+04 5.471789673128537834e+04 6.346671510108873917e+04 6.920150958306502434e+04 6.989244789019609743e+04 6.765546859220696206e+04 6.571713581172004342e+04 6.538540446635706030e+04 6.563686968779898598e+04 6.458376140064508218e+04 6.139696307641568274e+04 5.682147230242809746e+04 5.213841892510188336e+04 4.815879408446115121e+04 4.500786872386164032e+04 4.228043549553699268e+04 3.952396065774818271e+04
4.795385269850416807e+04 4.922461520698749518e+04 4.946026922547425056e+04 3.676050472339244880e+04 3.598802919370507880e+04 3.944683477128631057e+04 4.170459152398015431e+04 4.122922933030315471e+04 3.954471689975201298e+04 3.853778134741293616e+04 3.860040333530812495e+04 3.879896126482408727e+04 3.803025792327027011e+04 3.607817920979408518e+04 3.361206409499262372e+04 3.129813285850744069e+04 2.928647633214681628e+04 2.745098492744324903e+04 2.565534648563540031e+04 2.387891670628184147e+04
5.572912474739648314e+04 4.792573178420175100e+04 3.676050472339244880e+04 3.270207525218708906e+04 2.694516525404464483e+04 2.640449563209534972e+04 2.631700423095252336e+04 2.497628416113493222e+04 2.337125138233664984e+04 2.264019229702471057e+04 2.281822512206177271e+04 2.306681405629739311e+04 2.258121913362218766e+04 2.132196311872513616e+04 1.987918317547826155e+04 1.873414440784900216e+04 1.785181129334234356e+04 1.694289269581410554e+04 1.584606448336451467e+04 1.466244212636645352e+04
6.640363196474063443e+04 5.471789673128537834e+04 3.598802919370507880e+04 2.694516525404464483e+04 2.476130062439204266e+04 2.167866752789014572e+04 1.987599779728242720e+04 1.791524520355478307e+04 1.618816342259459634e+04 1.542533566507118485e+04 1.555923130959138689e+04 1.586128240718717643e+04 1.560786697890481992e+04 1.471428029383330068e+04 1.367618069808856853e+04 1.294946888158038564e+04 1.253856186861154129e+04 1.213431152267113794e+04 1.148315442717671067e+04 1.062630608182704964e+04
7.777237656375678489e+04 6.346671510108873917e+04 3.944683477128631057e+04 2.640449563209534972e+04 2.167866752789014572e+04 2.011960977495879342e+04 1.688587267490319937e+04 1.425823861693617073e+04 1.238944054886901540e+04 1.152486850628836874e+04 1.152707791150794947e+04 1.180962593825468866e+04 1.174474887549024606e+04 1.115353249827705440e+04 1.036944823543780694e+04 9.805412222107821435e+03 9.560565249744460743e+03 9.419253140414517475e+03 9.101569228361662681e+03 8.531499542243998803e+03
8.538922284214377578e+04 6.920150958306502434e+04 4.170459152398015431e+04 2.631700423095252336e+04 1.987599779728242720e+04 1.688587267490319937e+04 1.439435422247063980e+04 1.114029442815423317e+04 9.187133793765919108e+03 8.304203628138911881e+03 8.157965853398304716e+03 8.314420417681219988e+03 8.334414592925222678e+03 8.031710762471877388e+03 7.545735633213028450e+03 7.139596081510076147e+03 6.948314189641416306e+03 6.898841475253590943e+03 6.802068078936250458e+03 6.528917729572865028e+03
8.671201107731446973e+04 6.989244789019609743e+04 4.122922933030315471e+04 2.497628416113493222e+04 1.791524520355478307e+04 1.425823861693617073e+04 1.114029442815423317e+04 8.344461888336043558e+03 6.258888713810646550e+03 5.442699762392188859e+03 5.239843372453956363e+03 5.260834923647376854e+03 5.257521830945425791e+03 5.130569793368765204e+03 4.916689975849262737e+03 4.707350931760639469e+03 4.574821105858478404e+03 4.528479921669983923e+03 4.506952523263271360e+03 4.429320624737550133e+03
8.383866530259829597e+04 6.765546859220696206e+04 3.954471689975201298e+04 2.337125138233664984e+04 1.618816342259459634e+04 1.238944054886901540e+04 9.187133793765919108e+03 6.258888713810646550e+03 4.305082009168381774e+03 3.396016930876231527e+03 3.199364131462011756e+03 3.176148927083788294e+03 3.138609497321442632e+03 3.070000630182204532e+03 3.002091536975138752e+03 2.945439991822838238e+03 2.894826617429100679e+03 2.855671807951080609e+03 2.834354563785855589e+03 2.819872619954855509e+03
8.092441465106434771e+04 6.571713581172004342e+04 3.853778134741293616e+04 2.264019229702471057e+04 1.542533566507118485e+04 1.152486850628836874e+04 8.304203628138911881e+03 5.442699762392188859e+03 3.396016930876231527e+03 2.350217711841494747e+03 2.019096199007668474e+03 1.996029945570135851e+03 1.972494975950571188e+03 1.925397727484091092e+03 1.907576779346017702e+03 1.925905982720060365e+03 1.945192284333919361e+03 1.939705589911576681e+03 1.918997313925465960e+03 1.908055123703230038e+03
8.020054038197042246e+04 6.538540446635706030e+04 3.860040333530812495e+04 2.281822512206177271e+04 1.555923130959138689e+04 1.152707791150794947e+04 8.157965853398304716e+03 5.239843372453956363e+03 3.199364131462011756e+03 2.019096199007668474e+03 1.469609643617284291e+03 1.328494385863084062e+03 1.334942097857680437e+03 1.327150223028678283e+03 1.331116755274487332e+03 1.375540953574500918e+03 1.437018510997271960e+03 1.475804501231773884e+03 1.478568305261762362e+03 1.468522588535226078e+03
8.063727186743033235e+04 6.563686968779898598e+04 3.879896126482408727e+04 2.306681405629739311e+04 1.586128240718717643e+04 1.180962593825468866e+04 8.314420417681219988e+03 5.260834923647376854e+03 3.176148927083788294e+03 1.996029945570135851e+03 1.328494385863084062e+03 9.587112800332588449e+02 8.771701448809759540e+02 9.191790460515690029e+02 9.605389433673974509e+02 1.015268282151092535e+03 1.090669212815097126e+03 1.162278598385724763e+03 1.203461038047742022e+03 1.214013542258360758e+03
7.959844118528143736e+04 6.458376140064508218e+04 3.803025792327027011e+04 2.258121913362218766e+04 1.560786697890481992e+04 1.174474887549024606e+04 8.334414592925222678e+03 5.257521830945425791e+03 3.138609497321442632e+03 1.972494975950571188e+03 1.334942097857680437e+03 8.771701448809759540e+02 5.581168188391935701e+02 5.329310371522828973e+02 6.218947507379643866e+02 6.982780289198584569e+02 7.709338609805455462e+02 8.477003527156226710e+02 9.152661715819783694e+02 9.584231545408688362e+02
7.555387134594179224e+04 6.139696307641568274e+04 3.607817920979408518e+04 2.132196311872513616e+04 1.471428029383330068e+04 1.115353249827705440e+04 8.031710762471877388e+03 5.130569793368765204e+03 3.070000630182204532e+03 1.925397727484091092e+03 1.327150223028678283e+03 9.191790460515690029e+02 5.329310371522828973e+02 2.683020778746331416e+02 2.968508124711053142e+02 4.011753793376303747e+02 4.787021854399035874e+02 5.444686724843442107e+02 6.112340468728308451e+02 6.723710420662632714e+02
6.928606383858312620e+04 5.682147230242809746e+04 3.361206409499262372e+04 1.987918317547826155e+04 1.367618069808856853e+04 1.036944823543780694e+04 7.545735633213028450e+03 4.916689975849262737e+03 3.002091536975138752e+03 1.907576779346017702e+03 1.331116755274487332e+03 9.605389433673974509e+02 6.218947507379643866e+02 2.968508124711053142e+02 1.104473156513721932e+02 1.589044838279433520e+02 2.483556987565845589e+02 3.126313150136936088e+02 3.683858000127200398e+02 4.266066755480707684e+02
6.283596745785400708e+04 5.213841892510188336e+04 3.129813285850744069e+04 1.873414440784900216e+04 1.294946888158038564e+04 9.805412222107821435e+03 7.139596081510076147e+03 4.707350931760639469e+03 2.945439991822838238e+03 1.925905982720060365e+03 1.375540953574500918e+03 1.015268282151092535e+03 6.982780289198584569e+02 4.011753793376303747e+02 1.589044838279433520e+02 4.055110405103927462e+01 8.519669800155710959e+01 1.567616530144430840e+02 2.124222271278772496e+02 2.635024483798733854e+02
5.772566327296048985e+04 4.815879408446115121e+04 2.928647633214681628e+04 1.785181129334234356e+04 1.253856186861154129e+04 9.560565249744460743e+03 6.948314189641416306e+03 4.574821105858478404e+03 2.894826617429100679e+03 1.945192284333919361e+03 1.437018510997271960e+03 1.090669212815097126e+03 7.709338609805455462e+02 4.787021854399035874e+02 2.483556987565845589e+02 8.519669800155710959e+01 8.377960947304151418e+00 4.669318142441993302e+01 1.104714500276495670e+02 1.642271232061268620e+02
5.409740354964413564e+04 4.500786872386164032e+04 2.745098492744324903e+04 1.694289269581410554e+04 1.213431152267113794e+04 9.419253140414517475e+03 6.898841475253590943e+03 4.528479921669983923e+03 2.855671807951080609e+03 1.939705589911576681e+03 1.475804501231773884e+03 1.162278598385724763e+03 8.477003527156226710e+02 5.444686724843442107e+02 3.126313150136936088e+02 1.567616530144430840e+02 4.669318142441993302e+01 -9.698244082124709564e+00 2.809221896902828064e+01 9.092294696202836235e+01
5.109211409279023792e+04 4.228043549553699268e+04 2.565534648563540031e+04 1.584606448336451467e+04 1.148315442717671067e+04 9.101569228361662681e+03 6.802068078936250458e+03 4.506952523263271360e+03 2.834354563785855589e+03 1.918997313925465960e+03 1.478568305261762362e+03 1.203461038047742022e+03 9.152661715819783694e+02 6.112340468728308451e+02 3.683858000127200398e+02 2.124222271278772496e+02 1.104714500276495670e+02 2.809221896902828064e+01 -1.834187364523660690e+01 2.144389274697810777e+01
4.776973936939572013e+04 3.952396065774818271e+04 2.387891670628184147e+04 1.466244212636645352e+04 1.062630608182704964e+04 8.531499542243998803e+03 6.528917729572865028e+03 4.429320624737550133e+03 2.819872619954855509e+03 1.908055123703230038e+03 1.468522588535226078e+03 1.214013542258360758e+03 9.584231545408688362e+02 6.723710420662632714e+02 4.266066755480707684e+02 2.635024483798733854e+02 1.642271232061268620e+02 9.092294696202836235e+01 2.144389274697810777e+01 -1.790752729641543439e+01
