-1.070341462217933149e+05 -5.727028635247934290e+04 -2.066517489501689852e+04 -2.275594067261979035e+03 1.063219249600585863e+04 2.013713986219456274e+04 2.605341384098804701e+04 2.785585816612179406e+04 2.664508663462020195e+04 2.440712979877206817e+04 2.243359576808122438e+04 2.086785306938996291e+04 1.929964245734661017e+04 1.744576504417565957e+04 1.539154615298001954e+04 1.346223861285396379e+04 1.194389821007378305e+04 1.087466913527709767e+04 1.011023777318466273e+04 9.441136995136756013e+03
-5.727028635247934290e+04 -3.996585630353167653e+04 -1.396688629223602402e+04 -1.931884381626725826e+02 8.325847947358188321e+03 1.503946711320506438e+04 1.948558468936916688e+04 2.130622827288948611e+04 2.110802181918585120e+04 1.990293401691848339e+04 1.845786842091739891e+04 1.711062939016173550e+04 1.586194858946913155e+04 1.458912408372182108e+04 1.320024066016309735e+04 1.173484663562252354e+04 1.037306786497152643e+04 9.292759792815051696e+03 8.536864266468779533e+03 8.000914790485044250e+03
-2.066517489501689852e+04 -1.396688629223602402e+04 -5.195950231877030092e+03 7.778575744329201598e+02 4.779574064413352971e+03 7.904257539909001935e+03 1.014452966787792684e+04 1.128649430078309160e+04 1.164842467735595346e+04 1.152943765764376985e+04 1.103093779205570900e+04 1.028453744717620248e+04 9.500632431212670781e+03 8.816701254838157183e+03 8.197878021727665327e+03 7.515769415241153183e+03 6.731890610263554663e+03 5.961513210550400800e+03 5.358556058867831780e+03 4.973467389864913457e+03
-2.275594067261979035e+03 -1.931884381626725826e+02 7.778575744329201598e+02 1.516908967497720823e+03 2.602502859538832126e+03 4.024482210267481150e+03 5.084084121940735713e+03 5.731738594090381412e+03 6.143045435983297466e+03 6.433428504047171373e+03 6.494502024790621363e+03 6.237115235479483090e+03 5.789283374228127286e+03 5.372084015204833122e+03 5.072098939232333578e+03 4.797255058307756372e+03 4.424644014454071112e+03 3.951778827652614382e+03 3.498314096083384811e+03 3.179778750589052834e+03
1.063219249600585863e+04 8.325847947358188321e+03 4.779574064413352971e+03 2.602502859538832126e+03 1.931346962960225255e+03 2.126643795171288730e+03 2.752795903181258836e+03 3.202561928554509450e+03 3.578680409454077108e+03 3.953810399557317396e+03 4.247546429991823970e+03 4.311719287927192454e+03 4.132538867939452757e+03 3.863947367310602658e+03 3.653534998387923679e+03 3.506813743475222509e+03 3.330016215430094235e+03 3.058270827608831041e+03 2.730788685210536642e+03 2.446847689911143789e+03
2.013713986219456274e+04 1.503946711320506438e+04 7.904257539909001935e+03 4.024482210267481150e+03 2.126643795171288730e+03 1.371090154940518914e+03 1.355102688779805248e+03 1.772181170082403241e+03 2.147288142445307130e+03 2.519486358593524528e+03 2.869751384562897329e+03 3.110767668395650162e+03 3.167742849248537368e+03 3.069327032551459070e+03 2.921629040657291171e+03 2.799179426193092240e+03 2.690722570741256732e+03 2.543493368242814995e+03 2.338393140507459975e+03 2.114204108193238881e+03
2.605341384098804701e+04 1.948558468936916688e+04 1.014452966787792684e+04 5.084084121940735713e+03 2.752795903181258836e+03 1.355102688779805248e+03 6.789433935973461303e+02 7.039193927253121501e+02 1.092873090363093752e+03 1.436934079134110334e+03 1.745104536809782303e+03 2.009280223696754092e+03 2.196240764548063453e+03 2.271015374152236291e+03 2.239323520514460597e+03 2.152798804736699822e+03 2.060540633860182425e+03 1.970589797949724471e+03 1.865774041451947596e+03 1.736267537463562348e+03
2.785585816612179406e+04 2.130622827288948611e+04 1.128649430078309160e+04 5.731738594090381412e+03 3.202561928554509450e+03 1.772181170082403241e+03 7.039193927253121501e+02 2.395944012620359160e+02 3.428017851065803256e+02 6.510200414256541990e+02 8.927952856167246409e+02 1.094801323035336509e+03 1.276484565164776996e+03 1.424380081630688665e+03 1.499790237106012000e+03 1.488996736006054334e+03 1.426176289480630430e+03 1.356866226345745645e+03 1.300318668062420784e+03 1.246345360742434423e+03
2.664508663462020195e+04 2.110802181918585120e+04 1.164842467735595346e+04 6.143045435983297466e+03 3.578680409454077108e+03 2.147288142445307130e+03 1.092873090363093752e+03 3.428017851065803256e+02 8.620829065304565120e+01 1.856474113187238970e+02 3.838946594445703795e+02 5.315467105104031589e+02 6.632462292861342803e+02 7.944742063967647709e+02 9.031581437714479534e+02 9.533716490839645985e+02 9.392586383783998372e+02 8.931221345723411105e+02 8.524112560696767105e+02 8.281281215752879916e+02
2.440712979877206817e+04 1.990293401691848339e+04 1.152943765764376985e+04 6.433428504047171373e+03 3.953810399557317396e+03 2.519486358593524528e+03 1.436934079134110334e+03 6.510200414256541990e+02 1.856474113187238970e+02 4.732411001546121554e+01 1.144926899282150146e+02 2.430464379648283852e+02 3.462021533449189405e+02 4.471407955329305537e+02 5.452420297355198500e+02 6.175293769036004505e+02 6.432600752018230423e+02 6.278399119800528752e+02 5.994509120337628474e+02 5.810456582874190872e+02
2.243359576808122438e+04 1.845786842091739891e+04 1.103093779205570900e+04 6.494502024790621363e+03 4.247546429991823970e+03 2.869751384562897329e+03 1.745104536809782303e+03 8.927952856167246409e+02 3.838946594445703795e+02 1.144926899282150146e+02 3.143524693636079803e+01 8.018419161491358693e+01 1.810898478018206390e+02 2.692752757440700293e+02 3.530798350032239910e+02 4.258664452922184296e+02 4.731401954711464555e+02 4.869973434601145073e+02 4.771808053315083953e+02 4.629519810327591927e+02
2.086785306938996291e+04 1.711062939016173550e+04 1.028453744717620248e+04 6.237115235479483090e+03 4.311719287927192454e+03 3.110767668395650162e+03 2.009280223696754092e+03 1.094801323035336509e+03 5.315467105104031589e+02 2.430464379648283852e+02 8.018419161491358693e+01 2.235544057082683622e+01 6.632797334156401803e+01 1.550577748917394274e+02 2.313881944951374692e+02 2.975643716703974633e+02 3.502262122292730737e+02 3.835804876781128883e+02 3.960116440384639418e+02 3.939344067595692991e+02
1.929964245734661017e+04 1.586194858946913155e+04 9.500632431212670781e+03 5.789283374228127286e+03 4.132538867939452757e+03 3.167742849248537368e+03 2.196240764548063453e+03 1.276484565164776996e+03 6.632462292861342803e+02 3.462021533449189405e+02 1.810898478018206390e+02 6.632797334156401803e+01 2.163492594957481430e+01 6.143016068068385493e+01 1.329934270977146298e+02 1.905833817390560796e+02 2.373652714290940651e+02 2.746094547112546707e+02 3.013631442457087246e+02 3.155249819411919248e+02
1.744576504417565957e+04 1.458912408372182108e+04 8.816701254838157183e+03 5.372084015204833122e+03 3.863947367310602658e+03 3.069327032551459070e+03 2.271015374152236291e+03 1.424380081630688665e+03 7.944742063967647709e+02 4.471407955329305537e+02 2.692752757440700293e+02 1.550577748917394274e+02 6.143016068068385493e+01 2.539672595444296377e+01 5.484225632423705576e+01 1.036964852920814195e+02 1.410580823296930362e+02 1.715617929716152616e+02 1.985117733600181964e+02 2.208054671041846007e+02
1.539154615298001954e+04 1.320024066016309735e+04 8.197878021727665327e+03 5.072098939232333578e+03 3.653534998387923679e+03 2.921629040657291171e+03 2.239323520514460597e+03 1.499790237106012000e+03 9.031581437714479534e+02 5.452420297355198500e+02 3.530798350032239910e+02 2.313881944951374692e+02 1.329934270977146298e+02 5.484225632423705576e+01 2.680069686902022141e+01 4.472396420364506042e+01 7.477597463602209871e+01 9.780250781994547538e+01 1.184563390040495250e+02 1.388463695716590962e+02
1.346223861285396379e+04 1.173484663562252354e+04 7.515769415241153183e+03 4.797255058307756372e+03 3.506813743475222509e+03 2.799179426193092240e+03 2.152798804736699822e+03 1.488996736006054334e+03 9.533716490839645985e+02 6.175293769036004505e+02 4.258664452922184296e+02 2.975643716703974633e+02 1.905833817390560796e+02 1.036964852920814195e+02 4.472396420364506042e+01 2.487019299108265002e+01 3.528274840340604612e+01 5.445035459789784937e+01 7.036156557163100445e+01 8.622640090173580063e+01
1.194389821007378305e+04 1.037306786497152643e+04 6.731890610263554663e+03 4.424644014454071112e+03 3.330016215430094235e+03 2.690722570741256732e+03 2.060540633860182425e+03 1.426176289480630430e+03 9.392586383783998372e+02 6.432600752018230423e+02 4.731401954711464555e+02 3.502262122292730737e+02 2.373652714290940651e+02 1.410580823296930362e+02 7.477597463602209871e+01 3.528274840340604612e+01 2.187801862203356507e+01 2.873375013986406401e+01 4.310565893122363690e+01 5.628421379201638075e+01
1.087466913527709767e+04 9.292759792815051696e+03 5.961513210550400800e+03 3.951778827652614382e+03 3.058270827608831041e+03 2.543493368242814995e+03 1.970589797949724471e+03 1.356866226345745645e+03 8.931221345723411105e+02 6.278399119800528752e+02 4.869973434601145073e+02 3.835804876781128883e+02 2.746094547112546707e+02 1.715617929716152616e+02 9.780250781994547538e+01 5.445035459789784937e+01 2.873375013986406401e+01 1.905736030852837359e+01 2.458697543497232374e+01 3.702519542691699428e+01
1.011023777318466273e+04 8.536864266468779533e+03 5.358556058867831780e+03 3.498314096083384811e+03 2.730788685210536642e+03 2.338393140507459975e+03 1.865774041451947596e+03 1.300318668062420784e+03 8.524112560696767105e+02 5.994509120337628474e+02 4.771808053315083953e+02 3.960116440384639418e+02 3.013631442457087246e+02 1.985117733600181964e+02 1.184563390040495250e+02 7.036156557163100445e+01 4.310565893122363690e+01 2.458697543497232374e+01 1.659298004097776413e+01 2.145697275501691337e+01
9.441136995136756013e+03 8.000914790485044250e+03 4.973467389864913457e+03 3.179778750589052834e+03 2.446847689911143789e+03 2.114204108193238881e+03 1.736267537463562348e+03 1.246345360742434423e+03 8.281281215752879916e+02 5.810456582874190872e+02 4.629519810327591927e+02 3.939344067595692991e+02 3.155249819411919248e+02 2.208054671041846007e+02 1.388463695716590962e+02 8.622640090173580063e+01 5.628421379201638075e+01 3.702519542691699428e+01 2.145697275501691337e+01 1.434219528530634413e+01
