-2.107826425423843029e+05 1.190800969107606070e+05 3.657900912667616503e+05 4.042867592463124893e+05 3.219326650950429612e+05 2.252572564138923190e+05 1.992455785806995700e+05 2.522151874469363829e+05 3.031466944571857457e+05 2.795060781542261830e+05 1.883114962583349261e+05 9.427609308860418969e+04 6.608403219904290745e+04 1.139425167796873720e+05 1.759708957976761158e+05 1.858148076001809968e+05 1.359747535003774974e+05 6.593119359340722440e+04 2.854342517050306196e+04 4.507284305272353959e+04
1.190800969107606070e+05 -1.488472827177071013e+05 1.264287165176675771e+05 2.892472459279642208e+05 2.790052724752518116e+05 2.122008204936624970e+05 1.781773869744081458e+05 2.007031878368400794e+05 2.363649762979535444e+05 2.292046137031878461e+05 1.706001717531469476e+05 1.014785332191572961e+05 7.111209362390397291e+04 9.283624658581757103e+04 1.325547801842574263e+05 1.446308708106988051e+05 1.150139018130191107e+05 6.708310604867093207e+04 3.677490067870187340e+04 4.159281006599686953e+04
3.657900912667616503e+05 1.264287165176675771e+05 -5.391582229218413704e+04 7.372605221448779048e+04 1.429185503229440073e+05 1.355691069671790756e+05 1.165434142736474023e+05 1.178538167776618211e+05 1.318705534107976709e+05 1.337628890946856991e+05 1.115416891139208601e+05 7.802989782450372877e+04 5.644231200705376250e+04 5.776802217237520381e+04 7.213107984572295391e+04 7.981462800335724023e+04 7.003810407586071233e+04 4.896443154501633398e+04 3.209261022637919450e+04 2.942812592890599990e+04
4.042867592463124893e+05 2.892472459279642208e+05 7.372605221448779048e+04 -1.922318477353005437e+04 3.323436477623078099e+04 6.706241341003218258e+04 7.150381967491796240e+04 7.109026634669455234e+04 7.466318705365154892e+04 7.686894498502736678e+04 7.060047540802040021e+04 5.672241362378279882e+04 4.368591144806832017e+04 3.870870101132323907e+04 4.110986215971294587e+04 4.419107851417299389e+04 4.197477082163081650e+04 3.413213532810427569e+04 2.564214642975467359e+04 2.160750069351734783e+04
3.219326650950429612e+05 2.790052724752518116e+05 1.429185503229440073e+05 3.323436477623078099e+04 -9.914725670817269929e+03 1.729067296886672193e+04 4.127312979755603010e+04 4.938227676953155606e+04 5.112561649007746018e+04 5.162166664962902723e+04 4.992168011674429727e+04 4.456077598039058648e+04 3.727573454527082504e+04 3.168310387390993856e+04 2.955521718459729527e+04 2.951684233167669663e+04 2.887661004336305996e+04 2.605304894229239289e+04 2.184633638154933215e+04 1.839864078467874424e+04
2.252572564138923190e+05 2.122008204936624970e+05 1.355691069671790756e+05 6.706241341003218258e+04 1.729067296886672193e+04 -6.214062685357037481e+03 1.313945674211443111e+04 3.273939913753532528e+04 3.924245599623643648e+04 3.934226575471099932e+04 3.807504827771658893e+04 3.598356818474930333e+04 3.261117006871826015e+04 2.857878963200570433e+04 2.522168643441860695e+04 2.322333268323154698e+04 2.210181967088319288e+04 2.084444752303649148e+04 1.891593031822152989e+04 1.664531847875218955e+04
1.992455785806995700e+05 1.781773869744081458e+05 1.165434142736474023e+05 7.150381967491796240e+04 4.127312979755603010e+04 1.313945674211443111e+04 -3.300771839159085175e+03 1.140945114939740961e+04 2.541662901166235679e+04 2.882142256717263444e+04 2.784030954979973467e+04 2.655127603924594951e+04 2.539229497888337937e+04 2.366875790059034625e+04 2.123263983179459319e+04 1.875663444011122920e+04 1.691280802056618268e+04 1.573460934312281461e+04 1.480659737550775208e+04 1.372017004367035952e+04
2.522151874469363829e+05 2.007031878368400794e+05 1.178538167776618211e+05 7.109026634669455234e+04 4.938227676953155606e+04 3.273939913753532528e+04 1.140945114939740961e+04 -9.194935677548585318e+02 8.430622410422993198e+03 1.636078821180685190e+04 1.774624868329210585e+04 1.708007363323188110e+04 1.670279661546062925e+04 1.649494767593055440e+04 1.566280802246906751e+04 1.405108287936776469e+04 1.226884238129053665e+04 1.093654990674301007e+04 1.019059796333063241e+04 9.729376204670643347e+03
3.031466944571857457e+05 2.363649762979535444e+05 1.318705534107976709e+05 7.466318705365154892e+04 5.112561649007746018e+04 3.924245599623643648e+04 2.541662901166235679e+04 8.430622410422993198e+03 2.761995195350859831e+02 5.100531500199953371e+03 9.012171190403068977e+03 9.859893160529949455e+03 9.974921567701432650e+03 1.026457536509506463e+04 1.037338757156111205e+04 9.821895819401428525e+03 8.705147709916935128e+03 7.550537187280015132e+03 6.786243342040415882e+03 6.437916803524916759e+03
2.795060781542261830e+05 2.292046137031878461e+05 1.337628890946856991e+05 7.686894498502736678e+04 5.162166664962902723e+04 3.934226575471099932e+04 2.882142256717263444e+04 1.636078821180685190e+04 5.100531500199953371e+03 5.557815275184857455e+02 2.916173755821747363e+03 5.116459574114806856e+03 6.052390627469298124e+03 6.582451601749784459e+03 6.969181797099374307e+03 6.992584150054434758e+03 6.510092598999712209e+03 5.725580462777445064e+03 5.019680749216880940e+03 4.612673489607085685e+03
1.883114962583349261e+05 1.706001717531469476e+05 1.115416891139208601e+05 7.060047540802040021e+04 4.992168011674429727e+04 3.807504827771658893e+04 2.784030954979973467e+04 1.774624868329210585e+04 9.012171190403068977e+03 2.916173755821747363e+03 5.120829754564014138e+02 1.944009756945662957e+03 3.695039117827217524e+03 4.713740465662349379e+03 5.226454162871521476e+03 5.430198420465865638e+03 5.311235231955782183e+03 4.883512755926889440e+03 4.330170057173191708e+03 3.879315875047459031e+03
9.427609308860418969e+04 1.014785332191572961e+05 7.802989782450372877e+04 5.672241362378279882e+04 4.456077598039058648e+04 3.598356818474930333e+04 2.655127603924594951e+04 1.708007363323188110e+04 9.859893160529949455e+03 5.116459574114806856e+03 1.944009756945662957e+03 4.295360463741079684e+02 1.644563241412297430e+03 3.301876982717721148e+03 4.178290614419935991e+03 4.460151182060476458e+03 4.472129685947685175e+03 4.299034353573394583e+03 3.971501202098080739e+03 3.585995965059703394e+03
6.608403219904290745e+04 7.111209362390397291e+04 5.644231200705376250e+04 4.368591144806832017e+04 3.727573454527082504e+04 3.261117006871826015e+04 2.539229497888337937e+04 1.670279661546062925e+04 9.974921567701432650e+03 6.052390627469298124e+03 3.695039117827217524e+03 1.644563241412297430e+03 3.801426212244634257e+02 1.498757410571636683e+03 2.900143623808478424e+03 3.464138276353179208e+03 3.541598688192844747e+03 3.486878707654014761e+03 3.370689186379140665e+03 3.169012872733777385e+03
1.139425167796873720e+05 9.283624658581757103e+04 5.776802217237520381e+04 3.870870101132323907e+04 3.168310387390993856e+04 2.857878963200570433e+04 2.366875790059034625e+04 1.649494767593055440e+04 1.026457536509506463e+04 6.582451601749784459e+03 4.713740465662349379e+03 3.301876982717721148e+03 1.498757410571636683e+03 3.479215866011196567e+02 1.215830371591948278e+03 2.163495672359435957e+03 2.459865427822647689e+03 2.479655223886928070e+03 2.474995787441137054e+03 2.450423253624964673e+03
1.759708957976761158e+05 1.325547801842574263e+05 7.213107984572295391e+04 4.110986215971294587e+04 2.955521718459729527e+04 2.522168643441860695e+04 2.123263983179459319e+04 1.566280802246906751e+04 1.037338757156111205e+04 6.969181797099374307e+03 5.226454162871521476e+03 4.178290614419935991e+03 2.900143623808478424e+03 1.215830371591948278e+03 3.050657434394093457e+02 8.481780448214631178e+02 1.394127565316057598e+03 1.570640767072586641e+03 1.630088529708870055e+03 1.689811170573228083e+03
1.858148076001809968e+05 1.446308708106988051e+05 7.981462800335724023e+04 4.419107851417299389e+04 2.951684233167669663e+04 2.322333268323154698e+04 1.875663444011122920e+04 1.405108287936776469e+04 9.821895819401428525e+03 6.992584150054434758e+03 5.430198420465865638e+03 4.460151182060476458e+03 3.464138276353179208e+03 2.163495672359435957e+03 8.481780448214631178e+02 2.558090153372681357e+02 5.626780287454790823e+02 8.890543618670442356e+02 1.046150300022882220e+03 1.146201836408597501e+03
1.359747535003774974e+05 1.150139018130191107e+05 7.003810407586071233e+04 4.197477082163081650e+04 2.887661004336305996e+04 2.210181967088319288e+04 1.691280802056618268e+04 1.226884238129053665e+04 8.705147709916935128e+03 6.510092598999712209e+03 5.311235231955782183e+03 4.472129685947685175e+03 3.541598688192844747e+03 2.459865427822647689e+03 1.394127565316057598e+03 5.626780287454790823e+02 2.136419840347913635e+02 4.066121276432519380e+02 6.590844653893175291e+02 8.234106846648204510e+02
6.593119359340722440e+04 6.708310604867093207e+04 4.896443154501633398e+04 3.413213532810427569e+04 2.605304894229239289e+04 2.084444752303649148e+04 1.573460934312281461e+04 1.093654990674301007e+04 7.550537187280015132e+03 5.725580462777445064e+03 4.883512755926889440e+03 4.299034353573394583e+03 3.486878707654014761e+03 2.479655223886928070e+03 1.570640767072586641e+03 8.890543618670442356e+02 4.066121276432519380e+02 1.807050328929595651e+02 3.411948413083974856e+02 5.833087136519856131e+02
2.854342517050306196e+04 3.677490067870187340e+04 3.209261022637919450e+04 2.564214642975467359e+04 2.184633638154933215e+04 1.891593031822152989e+04 1.480659737550775208e+04 1.019059796333063241e+04 6.786243342040415882e+03 5.019680749216880940e+03 4.330170057173191708e+03 3.971501202098080739e+03 3.370689186379140665e+03 2.474995787441137054e+03 1.630088529708870055e+03 1.046150300022882220e+03 6.590844653893175291e+02 3.411948413083974856e+02 1.533902107193692927e+02 3.088652479889040592e+02
4.507284305272353959e+04 4.159281006599686953e+04 2.942812592890599990e+04 2.160750069351734783e+04 1.839864078467874424e+04 1.664531847875218955e+04 1.372017004367035952e+04 9.729376204670643347e+03 6.437916803524916759e+03 4.612673489607085685e+03 3.879315875047459031e+03 3.585995965059703394e+03 3.169012872733777385e+03 2.450423253624964673e+03 1.689811170573228083e+03 1.146201836408597501e+03 8.234106846648204510e+02 5.833087136519856131e+02 3.088652479889040592e+02 1.288944936524633533e+02
