1.353759079209851916e+05 4.784343329577082186e+05 7.069447875297027640e+05 7.025985800836355193e+05 5.712295978967413539e+05 4.365540162940919981e+05 3.932724972468173364e+05 4.439206436499110423e+05 4.865080729826710303e+05 4.369323350690238294e+05 3.096004282512667123e+05 1.853893898455878953e+05 1.477609621652742790e+05 2.050765573345797311e+05 2.762316139279521885e+05 2.801904887379198917e+05 2.105784280474447878e+05 1.182916697401450656e+05 7.008074409664099221e+04 9.040968718458578223e+04
4.784343329577082186e+05 1.314502811199312273e+05 3.604222689898636891e+05 4.999769024819271872e+05 4.649723023718725890e+05 3.754289720826963894e+05 3.293092361499974504e+05 3.494229230475862278e+05 3.797480473513202742e+05 3.549266815469404683e+05 2.700746991260882933e+05 1.781720676899598911e+05 1.393679497517041164e+05 1.664227688099831576e+05 2.125298198620667099e+05 2.206783369696693553e+05 1.765354247960615030e+05 1.119018688441302802e+05 7.266482508385424444e+04 7.936171665746017243e+04
7.069447875297027640e+05 3.604222689898636891e+05 9.452744887033152918e+04 1.901158433923366247e+05 2.442620458443656389e+05 2.262939529827974620e+05 2.007978482812993170e+05 2.000314576335418387e+05 2.116245989832250925e+05 2.056039557868264965e+05 1.705590221343780286e+05 1.250499719377888396e+05 9.798513551072088012e+04 1.007512819379891444e+05 1.179442038872833800e+05 1.239187995784329250e+05 1.069157641589965351e+05 7.706920545488230709e+04 5.494275756728992565e+04 5.242722703454075963e+04
7.025985800836355193e+05 4.999769024819271872e+05 1.901158433923366247e+05 5.939370610324008885e+04 9.607685717806323373e+04 1.204951606536314212e+05 1.194032833518333355e+05 1.165348049426722428e+05 1.186462692913820210e+05 1.175809246803656570e+05 1.055456912989355624e+05 8.560813274885230931e+04 6.909510080133369775e+04 6.393483572099394223e+04 6.731561802349079517e+04 6.969932589442140306e+04 6.414656985608352988e+04 5.187684496320491598e+04 4.033749625295163423e+04 3.578313542896248691e+04
5.712295978967413539e+05 4.649723023718725890e+05 2.442620458443656389e+05 9.607685717806323373e+04 3.946831596613159491e+04 5.777155522488641873e+04 7.472416990991392231e+04 7.903078685093480453e+04 7.914391260188521119e+04 7.808946050436966470e+04 7.369261715737527993e+04 6.501624589264451788e+04 5.529612835388676467e+04 4.893321208591647155e+04 4.696299731538692868e+04 4.657194131620429107e+04 4.428456346195987135e+04 3.901583932544916024e+04 3.281247275339042972e+04 2.862855290203359255e+04
4.365540162940919981e+05 3.754289720826963894e+05 2.262939529827974620e+05 1.204951606536314212e+05 5.777155522488641873e+04 2.838101724769402790e+04 4.097593813805526588e+04 5.502747300920783891e+04 5.894892588950026402e+04 5.796332221035101975e+04 5.547651844843956496e+04 5.161298265063432336e+04 4.653305983379447571e+04 4.154411974618081877e+04 3.791986367282517313e+04 3.566482369939322234e+04 3.371389431176862854e+04 3.108330592705255549e+04 2.780904781282636031e+04 2.477133024377950642e+04
3.932724972468173364e+05 3.293092361499974504e+05 2.007978482812993170e+05 1.194032833518333355e+05 7.472416990991392231e+04 4.097593813805526588e+04 2.004300837673125352e+04 2.940181288898780258e+04 3.961219643156781967e+04 4.153174590732229262e+04 3.990356605849986954e+04 3.780428587921748112e+04 3.562233633120643935e+04 3.305328134101329488e+04 3.016147626803268940e+04 2.742967859117855187e+04 2.518660446918889284e+04 2.332617558465623006e+04 2.160491488533196025e+04 1.990225675314407999e+04
4.439206436499110423e+05 3.494229230475862278e+05 2.000314576335418387e+05 1.165348049426722428e+05 7.903078685093480453e+04 5.502747300920783891e+04 2.940181288898780258e+04 1.335022260156565062e+04 1.921351799087223117e+04 2.498127609657800349e+04 2.554099656530316497e+04 2.441542457094030033e+04 2.349185786418232237e+04 2.270156500864982081e+04 2.142490137949245400e+04 1.954454013931597001e+04 1.754488818019979954e+04 1.591669363143957526e+04 1.478867948634266941e+04 1.395280382081561947e+04
4.865080729826710303e+05 3.797480473513202742e+05 2.116245989832250925e+05 1.186462692913820210e+05 7.914391260188521119e+04 5.894892588950026402e+04 3.961219643156781967e+04 1.921351799087223117e+04 8.701139285755225501e+03 1.165482021143444035e+04 1.439569075815741598e+04 1.466619970307106996e+04 1.437291301875562567e+04 1.426902864561435854e+04 1.402882811740140096e+04 1.322430531562500983e+04 1.193890262642553353e+04 1.063931706552392825e+04 9.708338482164290326e+03 9.172729120556914495e+03
4.369323350690238294e+05 3.549266815469404683e+05 2.056039557868264965e+05 1.175809246803656570e+05 7.808946050436966470e+04 5.796332221035101975e+04 4.153174590732229262e+04 2.498127609657800349e+04 1.165482021143444035e+04 5.939904429169713694e+03 7.336784483638683014e+03 8.785624179953078055e+03 9.222800285724410060e+03 9.395972344230161980e+03 9.503170118190055291e+03 9.308568311282097056e+03 8.668339437863563944e+03 7.774068157395961862e+03 6.979501908382900183e+03 6.481692603960584165e+03
3.096004282512667123e+05 2.700746991260882933e+05 1.705590221343780286e+05 1.055456912989355624e+05 7.369261715737527993e+04 5.547651844843956496e+04 3.990356605849986954e+04 2.554099656530316497e+04 1.439569075815741598e+04 7.336784483638683014e+03 4.427415242345461593e+03 5.256561616957729711e+03 6.393015498297875638e+03 6.973266285511529532e+03 7.211029170084211728e+03 7.228190257826973721e+03 6.965452932296328981e+03 6.429394028301459912e+03 5.801736150700387043e+03 5.296607110074111006e+03
1.853893898455878953e+05 1.781720676899598911e+05 1.250499719377888396e+05 8.560813274885230931e+04 6.501624589264451788e+04 5.161298265063432336e+04 3.780428587921748112e+04 2.441542457094030033e+04 1.466619970307106996e+04 8.785624179953078055e+03 5.256561616957729711e+03 3.485177377444168997e+03 4.196663421777255280e+03 5.312117448725208305e+03 5.844803543264390100e+03 5.945796145379633344e+03 5.837846251059660062e+03 5.563190002074204131e+03 5.155968333422099931e+03 4.719643712705265898e+03
1.477609621652742790e+05 1.393679497517041164e+05 9.798513551072088012e+04 6.909510080133369775e+04 5.529612835388676467e+04 4.653305983379447571e+04 3.562233633120643935e+04 2.349185786418232237e+04 1.437291301875562567e+04 9.222800285724410060e+03 6.393015498297875638e+03 4.196663421777255280e+03 2.702465427404285492e+03 3.370814519099056270e+03 4.343323859874097252e+03 4.679605019177118265e+03 4.648430157081277684e+03 4.511587982725535767e+03 4.317164720724327708e+03 4.055195258467518670e+03
2.050765573345797311e+05 1.664227688099831576e+05 1.007512819379891444e+05 6.393483572099394223e+04 4.893321208591647155e+04 4.154411974618081877e+04 3.305328134101329488e+04 2.270156500864982081e+04 1.426902864561435854e+04 9.395972344230161980e+03 6.973266285511529532e+03 5.312117448725208305e+03 3.370814519099056270e+03 1.990087423099053694e+03 2.511757008586043412e+03 3.174287207750103335e+03 3.332177973166076299e+03 3.278050329528654402e+03 3.206044491800845208e+03 3.117532806207462727e+03
2.762316139279521885e+05 2.125298198620667099e+05 1.179442038872833800e+05 6.731561802349079517e+04 4.696299731538692868e+04 3.791986367282517313e+04 3.016147626803268940e+04 2.142490137949245400e+04 1.402882811740140096e+04 9.503170118190055291e+03 7.211029170084211728e+03 5.844803543264390100e+03 4.343323859874097252e+03 2.511757008586043412e+03 1.422930763316592675e+03 1.746131968658007736e+03 2.120088610457352843e+03 2.203016399849172558e+03 2.197699230078865185e+03 2.197171753950603488e+03
2.801904887379198917e+05 2.206783369696693553e+05 1.239187995784329250e+05 6.969932589442140306e+04 4.657194131620429107e+04 3.566482369939322234e+04 2.742967859117855187e+04 1.954454013931597001e+04 1.322430531562500983e+04 9.308568311282097056e+03 7.228190257826973721e+03 5.945796145379633344e+03 4.679605019177118265e+03 3.174287207750103335e+03 1.746131968658007736e+03 1.046129323572214389e+03 1.224667426426635984e+03 1.438945688177400825e+03 1.518015613619309079e+03 1.557278061587143839e+03
2.105784280474447878e+05 1.765354247960615030e+05 1.069157641589965351e+05 6.414656985608352988e+04 4.428456346195987135e+04 3.371389431176862854e+04 2.518660446918889284e+04 1.754488818019979954e+04 1.193890262642553353e+04 8.668339437863563944e+03 6.965452932296328981e+03 5.837846251059660062e+03 4.648430157081277684e+03 3.332177973166076299e+03 2.120088610457352843e+03 1.224667426426635984e+03 8.211410370729003034e+02 9.313460420156166037e+02 1.093730092338466193e+03 1.186586779797166400e+03
1.182916697401450656e+05 1.119018688441302802e+05 7.706920545488230709e+04 5.187684496320491598e+04 3.901583932544916024e+04 3.108330592705255549e+04 2.332617558465623006e+04 1.591669363143957526e+04 1.063931706552392825e+04 7.774068157395961862e+03 6.429394028301459912e+03 5.563190002074204131e+03 4.511587982725535767e+03 3.278050329528654402e+03 2.203016399849172558e+03 1.438945688177400825e+03 9.313460420156166037e+02 6.770316211289649573e+02 7.694592860363286491e+02 9.292109096140859492e+02
7.008074409664099221e+04 7.266482508385424444e+04 5.494275756728992565e+04 4.033749625295163423e+04 3.281247275339042972e+04 2.780904781282636031e+04 2.160491488533196025e+04 1.478867948634266941e+04 9.708338482164290326e+03 6.979501908382900183e+03 5.801736150700387043e+03 5.155968333422099931e+03 4.317164720724327708e+03 3.206044491800845208e+03 2.197699230078865185e+03 1.518015613619309079e+03 1.093730092338466193e+03 7.694592860363286491e+02 5.583710416676013892e+02 6.503203764501311070e+02
9.040968718458578223e+04 7.936171665746017243e+04 5.242722703454075963e+04 3.578313542896248691e+04 2.862855290203359255e+04 2.477133024377950642e+04 1.990225675314407999e+04 1.395280382081561947e+04 9.172729120556914495e+03 6.481692603960584165e+03 5.296607110074111006e+03 4.719643712705265898e+03 4.055195258467518670e+03 3.117532806207462727e+03 2.197171753950603488e+03 1.557278061587143839e+03 1.186586779797166400e+03 9.292109096140859492e+02 6.503203764501311070e+02 4.456941853267083502e+02
