-1.502981390360404912e+05 -6.340745213549280015e+04 1.983175221466854055e+02 2.416574922149050326e+04 4.135097627829544217e+04 5.384576385689366725e+04 6.041612802161146101e+04 6.016432317312569648e+04 5.517860556137972162e+04 4.897141556162256893e+04 4.388904869059530029e+04 4.025063590277032199e+04 3.717559976256192022e+04 3.376923805677077326e+04 2.983873849243584846e+04 2.593068861974054380e+04 2.276670417052059565e+04 2.061617091831718790e+04 1.924519202588488770e+04 1.813478646095600925e+04
-6.340745213549280015e+04 -4.408456412475198886e+04 -1.957045101999037342e+03 1.978265183418942252e+04 3.145955245670863587e+04 4.039375242734400672e+04 4.539395903488278418e+04 4.618080406744259381e+04 4.399461688355249498e+04 4.038725878834023024e+04 3.658173742206144379e+04 3.331123376921269664e+04 3.068659284539835789e+04 2.834562404899318062e+04 2.580776676045011845e+04 2.293362862999445133e+04 2.009997828365760506e+04 1.782797396131391724e+04 1.633343647384547330e+04 1.540652626042225347e+04
1.983175221466854055e+02 -1.957045101999037342e+03 2.553031024393297685e+03 1.066509103545913240e+04 1.704140342271843474e+04 2.126630601622691756e+04 2.375996036047179587e+04 2.455216416035601651e+04 2.441243011351487803e+04 2.365572405186724791e+04 2.220405815168672416e+04 2.031030116751180685e+04 1.853887455662463981e+04 1.721542507945159377e+04 1.614540959884799486e+04 1.488959299730914427e+04 1.329044753295666487e+04 1.164086204679163347e+04 1.036619440579883303e+04 9.627716332572597821e+03
2.416574922149050326e+04 1.978265183418942252e+04 1.066509103545913240e+04 7.361366539748522882e+03 8.468480005805271503e+03 1.071501853721205225e+04 1.192734334935906190e+04 1.248788286023761975e+04 1.290094874810877809e+04 1.328010812440517657e+04 1.323004374772805568e+04 1.251058306077304405e+04 1.145098272139830988e+04 1.057662018208462541e+04 1.004726309717501863e+04 9.586033196436254002e+03 8.862957322873822704e+03 7.863187899568252760e+03 6.885320857579165931e+03 6.223233482658237335e+03
4.135097627829544217e+04 3.145955245670863587e+04 1.704140342271843474e+04 8.468480005805271503e+03 5.436891129698086843e+03 5.388693864935494275e+03 6.364813802308616687e+03 6.938627873359549994e+03 7.494359781754756114e+03 8.155797473766306211e+03 8.688284441545856680e+03 8.743132429194642100e+03 8.298058107836613999e+03 7.706174082165652180e+03 7.290027656528116495e+03 7.040201234333878347e+03 6.722017687566246423e+03 6.172071841130123175e+03 5.476216672461377129e+03 4.869175836259454627e+03
5.384576385689366725e+04 4.039375242734400672e+04 2.126630601622691756e+04 1.071501853721205225e+04 5.388693864935494275e+03 3.112866834579616352e+03 2.872185153384481509e+03 3.713987677829575659e+03 4.436345679279006617e+03 5.155043835694086738e+03 5.840110344578020886e+03 6.316404279839375704e+03 6.422124523771993154e+03 6.206784490483441004e+03 5.893880156230635293e+03 5.649190388297987738e+03 5.449582217117039363e+03 5.169913344249034708e+03 4.754040842194575816e+03 4.280750543574884432e+03
6.041612802161146101e+04 4.539395903488278418e+04 2.375996036047179587e+04 1.192734334935906190e+04 6.364813802308616687e+03 2.872185153384481509e+03 1.134341450773068118e+03 1.189739889444657138e+03 2.123632563141440187e+03 2.863794466766229107e+03 3.487486706643639081e+03 4.029585687377462364e+03 4.439595843590459481e+03 4.623745690153165015e+03 4.567717227055820331e+03 4.381217415730295215e+03 4.187450816822787601e+03 4.013790294651866134e+03 3.816007779917404150e+03 3.557623042108090885e+03
6.016432317312569648e+04 4.618080406744259381e+04 2.455216416035601651e+04 1.248788286023761975e+04 6.938627873359549994e+03 3.713987677829575659e+03 1.189739889444657138e+03 1.050712285886358188e+02 4.097688567185839474e+02 1.167694993516653540e+03 1.694157405587423455e+03 2.118227077881084824e+03 2.522484850650326734e+03 2.876164676197258814e+03 3.068767181156710194e+03 3.053940406458714733e+03 2.914339010757995766e+03 2.766639699600608765e+03 2.659977911241782749e+03 2.564553189591484625e+03
5.517860556137972162e+04 4.399461688355249498e+04 2.441243011351487803e+04 1.290094874810877809e+04 7.494359781754756114e+03 4.436345679279006617e+03 2.123632563141440187e+03 4.097688567185839474e+02 -1.517302601160526478e+02 1.265851529485453852e+02 6.083252018000229100e+02 9.390856530542425844e+02 1.240023724082512672e+03 1.555929751931117607e+03 1.825696527415008632e+03 1.954900625618874528e+03 1.927851861564496630e+03 1.825517633908825019e+03 1.741368325472888500e+03 1.701622707227933915e+03
4.897141556162256893e+04 4.038725878834023024e+04 2.365572405186724791e+04 1.328010812440517657e+04 8.155797473766306211e+03 5.155043835694086738e+03 2.863794466766229107e+03 1.167694993516653540e+03 1.265851529485453852e+02 -1.667874337830549223e+02 1.122376573466883087e+01 3.257126862463630914e+02 5.751283132814226065e+02 8.244658279804323229e+02 1.068811646676257624e+03 1.249802048869904638e+03 1.317548955023286226e+03 1.286364854939586166e+03 1.225609388933204627e+03 1.191376431915220792e+03
4.388904869059530029e+04 3.658173742206144379e+04 2.220405815168672416e+04 1.323004374772805568e+04 8.688284441545856680e+03 5.840110344578020886e+03 3.487486706643639081e+03 1.694157405587423455e+03 6.083252018000229100e+02 1.122376573466883087e+01 -1.652938244608438936e+02 -3.783557328013267806e+01 2.204398851218186053e+02 4.468902253271405129e+02 6.587978537692129066e+02 8.398544679516380711e+02 9.579598985109835212e+02 9.961994674822526576e+02 9.783347267040678616e+02 9.505794582458347577e+02
4.025063590277032199e+04 3.331123376921269664e+04 2.031030116751180685e+04 1.251058306077304405e+04 8.743132429194642100e+03 6.316404279839375704e+03 4.029585687377462364e+03 2.118227077881084824e+03 9.390856530542425844e+02 3.257126862463630914e+02 -3.783557328013267806e+01 -1.599179271984960451e+02 -3.738866666800885241e+01 1.999652830856529420e+02 3.984888926492046721e+02 5.638110275554844293e+02 6.930070916520279525e+02 7.764930208962250617e+02 8.113175471573173354e+02 8.116992207561153236e+02
3.717559976256192022e+04 3.068659284539835789e+04 1.853887455662463981e+04 1.145098272139830988e+04 8.298058107836613999e+03 6.422124523771993154e+03 4.439595843590459481e+03 2.522484850650326734e+03 1.240023724082512672e+03 5.751283132814226065e+02 2.204398851218186053e+02 -3.738866666800885241e+01 -1.264056787455697872e+02 -7.300163818048275743e+00 1.878914915802576502e+02 3.358536177985871518e+02 4.506112283133386995e+02 5.417803671286737881e+02 6.098548802827792770e+02 6.488926930468112459e+02
3.376923805677077326e+04 2.834562404899318062e+04 1.721542507945159377e+04 1.057662018208462541e+04 7.706174082165652180e+03 6.206784490483441004e+03 4.623745690153165015e+03 2.876164676197258814e+03 1.555929751931117607e+03 8.244658279804323229e+02 4.468902253271405129e+02 1.999652830856529420e+02 -7.300163818048275743e+00 -7.414471552334499904e+01 1.826078073957168613e+01 1.515472296230271354e+02 2.461869337280704997e+02 3.211080192846525279e+02 3.887134028198207716e+02 4.467551988730185144e+02
2.983873849243584846e+04 2.580776676045011845e+04 1.614540959884799486e+04 1.004726309717501863e+04 7.290027656528116495e+03 5.893880156230635293e+03 4.567717227055820331e+03 3.068767181156710194e+03 1.825696527415008632e+03 1.068811646676257624e+03 6.587978537692129066e+02 3.984888926492046721e+02 1.878914915802576502e+02 1.826078073957168613e+01 -3.256883523678032333e+01 2.485801790172762082e+01 1.060277022992435150e+02 1.646653433664428974e+02 2.172151654924757054e+02 2.702223750686021049e+02
2.593068861974054380e+04 2.293362862999445133e+04 1.488959299730914427e+04 9.586033196436254002e+03 7.040201234333878347e+03 5.649190388297987738e+03 4.381217415730295215e+03 3.053940406458714733e+03 1.954900625618874528e+03 1.249802048869904638e+03 8.398544679516380711e+02 5.638110275554844293e+02 3.358536177985871518e+02 1.515472296230271354e+02 2.485801790172762082e+01 -1.176740889290488745e+01 2.115590457795775592e+01 7.269891890163930270e+01 1.147292396156219354e+02 1.568465394225920306e+02
2.276670417052059565e+04 2.009997828365760506e+04 1.329044753295666487e+04 8.862957322873822704e+03 6.722017687566246423e+03 5.449582217117039363e+03 4.187450816822787601e+03 2.914339010757995766e+03 1.927851861564496630e+03 1.317548955023286226e+03 9.579598985109835212e+02 6.930070916520279525e+02 4.506112283133386995e+02 2.461869337280704997e+02 1.060277022992435150e+02 2.115590457795775592e+01 -4.422189969444517033e+00 1.673721205699486347e+01 5.616247103416796449e+01 9.226768210095832501e+01
2.061617091831718790e+04 1.782797396131391724e+04 1.164086204679163347e+04 7.863187899568252760e+03 6.172071841130123175e+03 5.169913344249034708e+03 4.013790294651866134e+03 2.766639699600608765e+03 1.825517633908825019e+03 1.286364854939586166e+03 9.961994674822526576e+02 7.764930208962250617e+02 5.417803671286737881e+02 3.211080192846525279e+02 1.646653433664428974e+02 7.269891890163930270e+01 1.673721205699486347e+01 -2.228811149927591551e+00 1.522894247168505899e+01 5.034033936736275905e+01
1.924519202588488770e+04 1.633343647384547330e+04 1.036619440579883303e+04 6.885320857579165931e+03 5.476216672461377129e+03 4.754040842194575816e+03 3.816007779917404150e+03 2.659977911241782749e+03 1.741368325472888500e+03 1.225609388933204627e+03 9.783347267040678616e+02 8.113175471573173354e+02 6.098548802827792770e+02 3.887134028198207716e+02 2.172151654924757054e+02 1.147292396156219354e+02 5.616247103416796449e+01 1.522894247168505899e+01 -3.452701416985641814e-01 1.588594165510419032e+01
1.813478646095600925e+04 1.540652626042225347e+04 9.627716332572597821e+03 6.223233482658237335e+03 4.869175836259454627e+03 4.280750543574884432e+03 3.557623042108090885e+03 2.564553189591484625e+03 1.701622707227933915e+03 1.191376431915220792e+03 9.505794582458347577e+02 8.116992207561153236e+02 6.488926930468112459e+02 4.467551988730185144e+02 2.702223750686021049e+02 1.568465394225920306e+02 9.226768210095832501e+01 5.034033936736275905e+01 1.588594165510419032e+01 2.321166639885906768e+00
